0	fee2	fff4	-286	-12
1	fe62	0000	-414	0
2	0009	0000	9	0
3	0006	fff8	6	-8
4	0005	0007	5	7
5	fff7	ffe2	-9	-30
6	0008	0003	8	3
7	0008	fffc	8	-4
8	fff7	001c	-9	28
9	006a	ffa5	106	-91
10	0008	0001	8	1
11	0009	fff9	9	-7
12	0004	000a	4	10
13	0004	fff3	4	-13
14	0008	0004	8	4
15	0008	fffd	8	-3
16	0069	0058	105	88
17	002c	ff3c	44	-196
18	0008	0000	8	0
19	0009	fff8	9	-8
20	0008	000a	8	10
21	000f	ffdb	15	-37
22	0009	0004	9	4
23	0009	fffc	9	-4
24	0009	0023	9	35
25	0009	ffd9	9	-39
26	0008	0001	8	1
27	0009	fffa	9	-6
28	000e	0022	14	34
29	0009	fff4	9	-12
30	0009	0006	9	6
31	0008	fffd	8	-3
32	002c	00c0	44	192
33	fd77	0570	-649	1392
34	0008	0000	8	0
35	000b	fff6	11	-10
36	000a	0007	10	7
37	0013	ffea	19	-22
38	0008	0003	8	3
39	0008	fffb	8	-5
40	0000	0037	0	55
41	0066	006c	102	108
42	0009	0002	9	2
43	0009	fff9	9	-7
44	000b	000d	11	13
45	000a	fff2	10	-14
46	0008	0006	8	6
47	0009	fffe	9	-2
48	0018	fff0	24	-16
49	0018	000d	24	13
50	0009	0000	9	0
51	0008	fff9	8	-7
52	000a	000c	10	12
53	000a	fff1	10	-15
54	0008	0005	8	5
55	0009	fffe	9	-2
56	0065	ff92	101	-110
57	0000	ffc5	0	-59
58	0009	0002	9	2
59	0008	fffb	8	-5
60	0013	0014	19	20
61	000b	fff7	11	-9
62	000b	0009	11	9
63	0009	ffff	9	-1
64	fd7a	fa8d	-646	-1395
65	fd01	ffd5	-767	-43
66	0008	0000	8	0
67	000c	fff2	12	-14
68	0007	0008	7	8
69	000c	fff2	12	-14
70	0008	0003	8	3
71	0008	fffb	8	-5
72	fffc	002b	-4	43
73	ffe9	0064	-23	100
74	0008	0001	8	1
75	0009	fffa	9	-6
76	000e	0005	14	5
77	0009	fff2	9	-14
78	0009	0005	9	5
79	0008	fffd	8	-3
80	0096	0316	150	790
81	ff61	010e	-159	270
82	0009	0000	9	0
83	0009	fff8	9	-8
84	0007	000c	7	12
85	0008	fff2	8	-14
86	0008	0004	8	4
87	0008	fffc	8	-4
88	0000	0030	0	48
89	0005	ffcf	5	-49
90	0009	0002	9	2
91	0009	fffc	9	-4
92	0006	000e	6	14
93	000b	fff6	11	-10
94	0008	0004	8	4
95	0009	ffff	9	-1
96	ffe2	ff4f	-30	-177
97	ffdf	00ae	-33	174
98	0008	0000	8	0
99	0008	fff9	8	-7
100	000a	0007	10	7
101	0006	ffef	6	-17
102	0009	0001	9	1
103	0008	fffc	8	-4
104	0004	002e	4	46
105	0000	ffcd	0	-51
106	0009	0002	9	2
107	0009	fffa	9	-6
108	0008	000b	8	11
109	0008	fff1	8	-15
110	0009	0006	9	6
111	0009	fffe	9	-2
112	ff62	fef0	-158	-272
113	0096	fce6	150	-794
114	0009	0001	9	1
115	000a	fff9	10	-7
116	0009	000b	9	11
117	000e	fff9	14	-7
118	0009	0005	9	5
119	0009	fffe	9	-2
120	ffeb	ff9a	-21	-102
121	fffb	ffd1	-5	-47
122	0008	0002	8	2
123	0009	fffb	9	-5
124	000c	000b	12	11
125	0009	fff5	9	-11
126	000c	000c	12	12
127	0009	ffff	9	-1
128	fd04	0026	-764	38
129	00fc	01df	252	479
130	0008	0000	8	0
131	0009	fff6	9	-10
132	000a	0008	10	8
133	0009	fff0	9	-16
134	0008	0003	8	3
135	0008	fffb	8	-5
136	0044	0027	68	39
137	0026	0015	38	21
138	0009	0001	9	1
139	0009	fffa	9	-6
140	000e	000c	14	12
141	0008	fff2	8	-14
142	0009	0005	9	5
143	0009	fffd	9	-3
144	008f	0232	143	562
145	0201	ff86	513	-122
146	0008	0000	8	0
147	0009	fff8	9	-8
148	000b	0009	11	9
149	0006	ffef	6	-17
150	0008	0004	8	4
151	0008	fffc	8	-4
152	000c	0054	12	84
153	004a	0034	74	52
154	0008	0002	8	2
155	0009	fffa	9	-6
156	0004	000c	4	12
157	000a	fff4	10	-12
158	0009	0006	9	6
159	0008	fffe	8	-2
160	002f	002c	47	44
161	03cf	02a5	975	677
162	0009	0000	9	0
163	0009	fff9	9	-7
164	000c	000a	12	10
165	ffee	fff4	-18	-12
166	0008	0004	8	4
167	0008	fffc	8	-4
168	0008	0022	8	34
169	002c	001c	44	28
170	0009	0001	9	1
171	0009	fffb	9	-5
172	0022	fffd	34	-3
173	0008	fff4	8	-12
174	0008	0006	8	6
175	0009	fffe	9	-2
176	ffc9	014e	-55	334
177	0057	0088	87	136
178	0009	0000	9	0
179	000a	fff7	10	-9
180	000a	000e	10	14
181	0008	ffec	8	-20
182	0008	0005	8	5
183	0008	fffd	8	-3
184	0000	006f	0	111
185	ffff	ffe4	-1	-28
186	0009	0002	9	2
187	0009	fffb	9	-5
188	000e	001d	14	29
189	0009	fff2	9	-14
190	0007	0008	7	8
191	0008	fffe	8	-2
192	0407	00d1	1031	209
193	0406	ff2a	1030	-214
194	0008	0000	8	0
195	0007	fff6	7	-10
196	0008	000a	8	10
197	000f	ffe0	15	-32
198	0009	0004	9	4
199	0009	fffc	9	-4
200	0000	0019	0	25
201	ffff	ff8e	-1	-114
202	0008	0001	8	1
203	0009	fff9	9	-7
204	0008	0011	8	17
205	000a	ffef	10	-17
206	000a	0007	10	7
207	0008	fffe	8	-2
208	0056	ff75	86	-139
209	ffc8	feae	-56	-338
210	0008	0000	8	0
211	0008	fff7	8	-9
212	0008	0009	8	9
213	0022	0002	34	2
214	0008	0004	8	4
215	0008	fffe	8	-2
216	002b	ffe2	43	-30
217	0008	ffdb	8	-37
218	0008	0002	8	2
219	0009	fffb	9	-5
220	fff0	000a	-16	10
221	000c	fff3	12	-13
222	0009	0006	9	6
223	0008	ffff	8	-1
224	03cf	fd59	975	-679
225	002f	ffcf	47	-49
226	0008	0000	8	0
227	0009	fff8	9	-8
228	0009	000a	9	10
229	0005	fff1	5	-15
230	0009	0004	9	4
231	0009	fffd	9	-3
232	004a	ffcb	74	-53
233	000d	ffa8	13	-88
234	0008	0001	8	1
235	0008	fffa	8	-6
236	0006	000e	6	14
237	000b	fff4	11	-12
238	0008	0006	8	6
239	0009	fffe	9	-2
240	0202	0076	514	118
241	008f	fdca	143	-566
242	0008	0001	8	1
243	0009	fff9	9	-7
244	0008	000b	8	11
245	000d	fff1	13	-15
246	0008	0004	8	4
247	0008	fffe	8	-2
248	0026	ffea	38	-22
249	0044	ffd5	68	-43
250	0008	0003	8	3
251	0008	fffb	8	-5
252	0008	000d	8	13
253	000a	fff6	10	-10
254	0009	0009	9	9
255	0008	0000	8	0
256	00fd	fe1e	253	-482
257	fee4	0088	-284	136
258	0008	0000	8	0
259	0009	fff6	9	-10
260	0008	0008	8	8
261	0012	ffe6	18	-26
262	0008	0003	8	3
263	0008	fffb	8	-5
264	0016	001e	22	30
265	00fc	fe61	252	-415
266	0008	0001	8	1
267	0009	fff9	9	-7
268	000c	0014	12	20
269	0008	fff2	8	-14
270	0008	0005	8	5
271	0009	fffd	9	-3
272	ff46	00dc	-186	220
273	000c	0012	12	18
274	0009	0000	9	0
275	0009	fff8	9	-8
276	0009	0007	9	7
277	0006	ffee	6	-18
278	0008	0004	8	4
279	0008	fffc	8	-4
280	0015	002b	21	43
281	0012	ffe8	18	-24
282	0009	0002	9	2
283	0009	fffa	9	-6
284	0012	0008	18	8
285	0009	fff3	9	-13
286	0008	0004	8	4
287	0008	fffe	8	-2
288	0065	004d	101	77
289	002a	fb8f	42	-1137
290	0008	0000	8	0
291	0008	fff7	8	-9
292	0005	0008	5	8
293	0013	ffea	19	-22
294	0008	0004	8	4
295	0008	fffc	8	-4
296	0002	0006	2	6
297	002d	ffe4	45	-28
298	0008	0001	8	1
299	0009	fffa	9	-6
300	0014	0012	20	18
301	000b	fff2	11	-14
302	0009	0005	9	5
303	0008	fffe	8	-2
304	02fd	003b	765	59
305	0213	0107	531	263
306	0008	0000	8	0
307	0008	fff8	8	-8
308	0008	000b	8	11
309	0011	fff0	17	-16
310	0008	0004	8	4
311	0009	fffc	9	-4
312	ff75	00aa	-139	170
313	0012	0010	18	16
314	0009	0002	9	2
315	0009	fffb	9	-5
316	0009	0014	9	20
317	0007	fff4	7	-12
318	0009	0008	9	8
319	0008	fffe	8	-2
320	0161	00a8	353	168
321	0393	fbfd	915	-1027
322	0008	0000	8	0
323	000a	fff5	10	-11
324	0008	000a	8	10
325	000b	ffeb	11	-21
326	0008	0003	8	3
327	0008	fffb	8	-5
328	0009	0040	9	64
329	001c	ffa0	28	-96
330	0009	0001	9	1
331	0009	fff9	9	-7
332	0004	0008	4	8
333	0008	fff5	8	-11
334	0009	0006	9	6
335	0009	fffd	9	-3
336	ff30	fe99	-208	-359
337	01bd	fff5	445	-11
338	0009	0000	9	0
339	0009	fff8	9	-8
340	000e	000b	14	11
341	ffff	ffe4	-1	-28
342	0009	0004	9	4
343	0009	fffd	9	-3
344	0013	003c	19	60
345	0004	ffec	4	-20
346	0009	0002	9	2
347	0009	fffb	9	-5
348	0006	000c	6	12
349	000f	fff1	15	-15
350	0009	0006	9	6
351	0009	fffe	9	-2
352	fa40	0255	-1472	597
353	020c	ff83	524	-125
354	0009	0000	9	0
355	0009	fff8	9	-8
356	0009	0009	9	9
357	0007	ffef	7	-17
358	0008	0003	8	3
359	0008	fffc	8	-4
360	000c	0043	12	67
361	ff78	ffb3	-136	-77
362	0009	0002	9	2
363	0009	fffa	9	-6
364	0007	000d	7	13
365	0009	fff3	9	-13
366	0009	0005	9	5
367	0009	fffd	9	-3
368	feac	00f9	-340	249
369	ffca	0252	-54	594
370	0009	0000	9	0
371	0009	fff8	9	-8
372	0008	0009	8	9
373	000e	ffee	14	-18
374	000a	0005	10	5
375	0008	fffe	8	-2
376	004c	ff83	76	-125
377	0010	ffee	16	-18
378	0009	0002	9	2
379	0008	fffb	8	-5
380	0012	0026	18	38
381	0008	fff6	8	-10
382	000a	0006	10	6
383	0009	0000	9	0
384	ff9e	fdb2	-98	-590
385	ff9b	024b	-101	587
386	0008	0000	8	0
387	000a	fff8	10	-8
388	0008	0008	8	8
389	0013	ffd8	19	-40
390	0009	0003	9	3
391	0008	fffc	8	-4
392	000f	000e	15	14
393	004c	007b	76	123
394	0008	0001	8	1
395	0009	fff9	9	-7
396	000d	000f	13	15
397	0009	fff4	9	-12
398	0009	0006	9	6
399	0009	fffe	9	-2
400	ffcc	fdab	-52	-597
401	feab	ff03	-341	-253
402	0009	0000	9	0
403	0009	fff8	9	-8
404	0008	000a	8	10
405	0008	fff0	8	-16
406	0009	0004	9	4
407	0009	fffc	9	-4
408	ff79	0049	-135	73
409	000d	ffba	13	-70
410	0009	0002	9	2
411	0009	fffa	9	-6
412	0007	000e	7	14
413	000a	fff5	10	-11
414	0009	0006	9	6
415	0008	fffe	8	-2
416	020c	0079	524	121
417	fa3d	fda6	-1475	-602
418	0008	0000	8	0
419	0009	fff8	9	-8
420	000e	000c	14	12
421	0007	fff1	7	-15
422	0009	0003	9	3
423	0009	fffc	9	-4
424	0003	0011	3	17
425	0013	ffc0	19	-64
426	0009	0001	9	1
427	0009	fffa	9	-6
428	0000	0019	0	25
429	000e	fff1	14	-15
430	0008	0006	8	6
431	0008	fffe	8	-2
432	01bd	0007	445	7
433	ff2e	0164	-210	356
434	0009	0000	9	0
435	0009	fff9	9	-7
436	0007	0008	7	8
437	0004	fff4	4	-12
438	0008	0005	8	5
439	0008	fffd	8	-3
440	001b	005d	27	93
441	0009	ffbd	9	-67
442	0008	0003	8	3
443	0008	fffb	8	-5
444	000a	0011	10	17
445	0009	fff3	9	-13
446	000a	0009	10	9
447	0009	fffe	9	-2
448	0394	03fd	916	1021
449	0160	ff52	352	-174
450	0008	0000	8	0
451	000a	fff6	10	-10
452	0007	0009	7	9
453	0009	ffea	9	-22
454	0008	0004	8	4
455	0008	fffc	8	-4
456	0011	ffee	17	-18
457	ff73	ff53	-141	-173
458	0008	0001	8	1
459	0008	fff9	8	-7
460	0010	000d	16	13
461	0009	fff3	9	-13
462	0008	0006	8	6
463	0008	fffe	8	-2
464	0213	fef7	531	-265
465	02fd	ffc1	765	-63
466	0008	0000	8	0
467	0008	fff8	8	-8
468	000a	000b	10	11
469	0014	ffeb	20	-21
470	0008	0004	8	4
471	0008	fffd	8	-3
472	002d	0018	45	24
473	0002	fff6	2	-10
474	0008	0002	8	2
475	0008	fffa	8	-6
476	0013	0013	19	19
477	0006	fff4	6	-12
478	0008	0006	8	6
479	0008	ffff	8	-1
480	002b	046c	43	1132
481	0064	ffae	100	-82
482	0008	0000	8	0
483	0009	fff9	9	-7
484	0009	000a	9	10
485	0013	fff5	19	-11
486	0008	0004	8	4
487	0008	fffc	8	-4
488	0012	0014	18	20
489	0016	ffd2	22	-46
490	0009	0002	9	2
491	0008	fffa	8	-6
492	0006	0010	6	16
493	0009	fff6	9	-10
494	0008	0007	8	7
495	0008	ffff	8	-1
496	000c	ffec	12	-20
497	ff45	ff20	-187	-224
498	0009	0001	9	1
499	0009	fff9	9	-7
500	0008	000c	8	12
501	000d	ffe9	13	-23
502	0009	0005	9	5
503	0008	fffd	8	-3
504	00fc	019b	252	411
505	0017	ffdf	23	-33
506	0008	0003	8	3
507	0008	fffb	8	-5
508	0011	0017	17	23
509	0008	fff6	8	-10
510	0008	0009	8	9
511	0009	0000	9	0
512	fee8	ff74	-280	-140
513	fede	0007	-290	7
514	0008	0000	8	0
515	0009	fff4	9	-12
516	0009	0009	9	9
517	0010	ffe9	16	-23
518	0008	0002	8	2
519	0008	fffb	8	-5
520	000b	003b	11	59
521	0020	ff5b	32	-165
522	0008	0001	8	1
523	0009	fff9	9	-7
524	0004	0014	4	20
525	0008	fff3	8	-13
526	0008	0005	8	5
527	0008	fffd	8	-3
528	0045	002c	69	44
529	fc60	fd30	-928	-720
530	0009	0000	9	0
531	0009	fff8	9	-8
532	0008	0009	8	9
533	fffc	ffec	-4	-20
534	0009	0004	9	4
535	0008	fffd	8	-3
536	000a	0028	10	40
537	0005	ffe2	5	-30
538	0008	0002	8	2
539	0009	fffa	9	-6
540	0013	0012	19	18
541	0009	fff3	9	-13
542	0008	0007	8	7
543	0008	fffe	8	-2
544	005f	011d	95	285
545	009f	f4c3	159	-2877
546	0008	0000	8	0
547	000b	fff8	11	-8
548	0007	000a	7	10
549	000b	fff1	11	-15
550	0008	0003	8	3
551	0008	fffb	8	-5
552	000f	0022	15	34
553	0027	fff2	39	-14
554	0009	0001	9	1
555	0008	fff9	8	-7
556	000b	000f	11	15
557	0009	fff4	9	-12
558	0008	0005	8	5
559	0008	fffd	8	-3
560	0044	0032	68	50
561	0004	fff5	4	-11
562	0009	0000	9	0
563	0008	fff9	8	-7
564	0008	000b	8	11
565	0010	fff2	16	-14
566	0008	0004	8	4
567	0009	fffd	9	-3
568	ffef	ffd4	-17	-44
569	0022	fff4	34	-12
570	0008	0002	8	2
571	0008	fffb	8	-5
572	000a	0014	10	20
573	0007	fff7	7	-9
574	0007	0008	7	8
575	0009	ffff	9	-1
576	ff5c	ffb7	-164	-73
577	01b0	ff8f	432	-113
578	0008	0000	8	0
579	0005	fff4	5	-12
580	000a	0007	10	7
581	0009	ffee	9	-18
582	0008	0003	8	3
583	0008	fffc	8	-4
584	0013	fffe	19	-2
585	0071	ff10	113	-240
586	0009	0001	9	1
587	0009	fff9	9	-7
588	000d	0007	13	7
589	0009	fff4	9	-12
590	0009	0006	9	6
591	0009	fffe	9	-2
592	ff57	fd14	-169	-748
593	fe82	00ad	-382	173
594	0009	0000	9	0
595	0008	fff8	8	-8
596	0006	000b	6	11
597	0011	ffea	17	-22
598	0009	0004	9	4
599	0009	fffd	9	-3
600	0006	0084	6	132
601	002d	ffcb	45	-53
602	0008	0002	8	2
603	0008	fffa	8	-6
604	0005	000e	5	14
605	000c	fff6	12	-10
606	0009	0007	9	7
607	0008	ffff	8	-1
608	0107	ff3c	263	-196
609	0629	fcee	1577	-786
610	0009	0000	9	0
611	0008	fff6	8	-10
612	0009	0008	9	8
613	0007	ffef	7	-17
614	000a	0006	10	6
615	0008	fffc	8	-4
616	0009	0037	9	55
617	00da	0041	218	65
618	0008	0002	8	2
619	0008	fffa	8	-6
620	0007	000d	7	13
621	0009	fff6	9	-10
622	0009	0006	9	6
623	0008	ffff	8	-1
624	020e	ff90	526	-112
625	0080	ffd6	128	-42
626	0009	0000	9	0
627	0009	fff9	9	-7
628	0009	000b	9	11
629	0007	ffea	7	-22
630	0009	0005	9	5
631	0009	fffe	9	-2
632	0095	ff88	149	-120
633	0026	ffe8	38	-24
634	0008	0002	8	2
635	0009	fffb	9	-5
636	fffb	000d	-5	13
637	0008	fff5	8	-11
638	000e	0006	14	6
639	0008	ffff	8	-1
640	02d3	02c4	723	708
641	fd6a	018a	-662	394
642	0008	0000	8	0
643	0008	fff8	8	-8
644	0009	0007	9	7
645	0010	fff1	16	-15
646	0008	0003	8	3
647	0008	fffc	8	-4
648	fffe	0000	-2	0
649	ffef	001c	-17	28
650	0008	0001	8	1
651	0007	fff8	7	-8
652	0003	0009	3	9
653	0007	fff1	7	-15
654	0009	0005	9	5
655	0008	fffd	8	-3
656	005f	008f	95	143
657	0001	001b	1	27
658	0008	0000	8	0
659	0009	fff8	9	-8
660	0009	0008	9	8
661	0007	ffef	7	-17
662	0009	0004	9	4
663	0009	fffc	9	-4
664	ffba	004f	-70	79
665	000c	ff33	12	-205
666	0008	0001	8	1
667	0009	fffa	9	-6
668	0007	000e	7	14
669	000a	fff4	10	-12
670	0009	0006	9	6
671	0008	fffe	8	-2
672	00c5	00c3	197	195
673	028b	00a6	651	166
674	0009	0000	9	0
675	0009	fff8	9	-8
676	0007	000d	7	13
677	fffb	ffe5	-5	-27
678	0009	0003	9	3
679	0009	fffc	9	-4
680	ffdd	0037	-35	55
681	ffd0	0002	-48	2
682	0009	0001	9	1
683	0009	fffa	9	-6
684	fff1	0017	-15	23
685	0009	fff7	9	-9
686	0008	0006	8	6
687	0009	fffe	9	-2
688	002d	00ed	45	237
689	ffc1	00c7	-63	199
690	0009	0000	9	0
691	000a	fff9	10	-7
692	000e	0008	14	8
693	0005	ffef	5	-17
694	0009	0005	9	5
695	0008	fffe	8	-2
696	00a2	ff96	162	-106
697	fff6	ffe2	-10	-30
698	0009	0003	9	3
699	0009	fffb	9	-5
700	0011	0011	17	17
701	0009	fff4	9	-12
702	0009	0006	9	6
703	0009	ffff	9	-1
704	f0eb	f738	-3861	-2248
705	feec	ffbb	-276	-69
706	0008	0000	8	0
707	0007	fff6	7	-10
708	0007	0006	7	6
709	0003	ffe8	3	-24
710	0008	0003	8	3
711	0009	fffc	9	-4
712	fff2	0010	-14	16
713	ffcc	ffd6	-52	-42
714	0009	0001	9	1
715	0008	fff9	8	-7
716	000d	0015	13	21
717	0009	fff2	9	-14
718	0008	0005	8	5
719	0008	fffe	8	-2
720	0065	ff2b	101	-213
721	0067	0076	103	118
722	0008	0000	8	0
723	0009	fff8	9	-8
724	0008	0008	8	8
725	0017	fff3	23	-13
726	0009	0004	9	4
727	0009	fffc	9	-4
728	0023	0029	35	41
729	001f	ffbf	31	-65
730	0009	0002	9	2
731	0009	fffb	9	-5
732	0023	0021	35	33
733	0007	ffee	7	-18
734	000a	0008	10	8
735	0009	fffe	9	-2
736	ff4b	0666	-181	1638
737	ffed	fe45	-19	-443
738	0009	0000	9	0
739	0009	fff8	9	-8
740	0009	000a	9	10
741	000d	ffe8	13	-24
742	0009	0004	9	4
743	0008	fffc	8	-4
744	0001	0024	1	36
745	ffff	001d	-1	29
746	0008	0002	8	2
747	0009	fffa	9	-6
748	0006	000e	6	14
749	000b	fff3	11	-13
750	0009	0006	9	6
751	0008	fffd	8	-3
752	003c	004a	60	74
753	001e	fe99	30	-359
754	0009	0001	9	1
755	0009	fff9	9	-7
756	0006	000c	6	12
757	000f	ffed	15	-19
758	0008	0005	8	5
759	0008	fffe	8	-2
760	0066	ffa4	102	-92
761	001b	ffda	27	-38
762	0008	0003	8	3
763	0009	fffb	9	-5
764	0002	0018	2	24
765	0009	fff6	9	-10
766	0009	0009	9	9
767	0009	ffff	9	-1
768	f868	fec8	-1944	-312
769	f865	0134	-1947	308
770	0009	0000	9	0
771	0009	fff6	9	-10
772	0008	0008	8	8
773	0002	ffe5	2	-27
774	0008	0002	8	2
775	0008	fffb	8	-5
776	001a	0023	26	35
777	0067	005b	103	91
778	0009	0001	9	1
779	0009	fffa	9	-6
780	000e	0011	14	17
781	0007	fff2	7	-14
782	0009	0005	9	5
783	0008	fffd	8	-3
784	001d	0164	29	356
785	003c	ffb2	60	-78
786	0008	0000	8	0
787	0009	fff8	9	-8
788	000a	000a	10	10
789	0006	ffef	6	-17
790	0008	0004	8	4
791	0008	fffd	8	-3
792	0000	ffe1	0	-31
793	0001	ffd8	1	-40
794	0009	0002	9	2
795	0009	fffa	9	-6
796	000d	0015	13	21
797	0009	fff4	9	-12
798	0009	0006	9	6
799	0008	fffe	8	-2
800	ffef	01b6	-17	438
801	ff49	f995	-183	-1643
802	0008	0000	8	0
803	000a	fff6	10	-10
804	0006	000f	6	15
805	0023	ffdc	35	-36
806	0009	0003	9	3
807	0009	fffc	9	-4
808	001f	003e	31	62
809	0024	ffd2	36	-46
810	0009	0001	9	1
811	0009	fffa	9	-6
812	0016	000b	22	11
813	0008	fff5	8	-11
814	0008	0006	8	6
815	0008	ffff	8	-1
816	0067	ff88	103	-120
817	0066	00d2	102	210
818	0009	0000	9	0
819	0008	fff9	8	-7
820	0009	000b	9	11
821	000e	ffe7	14	-25
822	0008	0005	8	5
823	0009	fffc	9	-4
824	ffce	0026	-50	38
825	fff2	ffed	-14	-19
826	0009	0002	9	2
827	0008	fffb	8	-5
828	0003	0015	3	21
829	0007	fff7	7	-9
830	0006	0008	6	8
831	0009	ffff	9	-1
832	feef	0040	-273	64
833	f0e8	08c4	-3864	2244
834	0008	0000	8	0
835	0008	fff8	8	-8
836	0008	0009	8	9
837	0011	ffec	17	-20
838	0008	0003	8	3
839	0009	fffb	9	-5
840	fff7	001b	-9	27
841	00a2	0068	162	104
842	0008	0001	8	1
843	0009	fff9	9	-7
844	0004	000e	4	14
845	000e	fff5	14	-11
846	000a	0004	10	4
847	0009	fffe	9	-2
848	ffc2	ff37	-62	-201
849	002d	ff0f	45	-241
850	0008	0000	8	0
851	0008	fff8	8	-8
852	0009	0006	9	6
853	fff1	ffe7	-15	-25
854	0009	0005	9	5
855	0009	fffd	9	-3
856	ffd1	fffc	-47	-4
857	ffdc	ffc5	-36	-59
858	0009	0002	9	2
859	0009	fffa	9	-6
860	fffb	0018	-5	24
861	0008	fff1	8	-15
862	0009	0006	9	6
863	0008	ffff	8	-1
864	028b	ff57	651	-169
865	00c5	ff39	197	-199
866	0008	0000	8	0
867	0009	fff7	9	-9
868	0009	0009	9	9
869	0008	ffef	8	-17
870	0009	0003	9	3
871	0008	fffc	8	-4
872	000b	00c9	11	201
873	ffb8	ffad	-72	-83
874	0008	0001	8	1
875	0009	fffa	9	-6
876	0006	000e	6	14
877	0009	fff5	9	-11
878	0008	0007	8	7
879	0008	ffff	8	-1
880	0001	ffe3	1	-29
881	005f	ff6d	95	-147
882	0008	0000	8	0
883	0009	fff8	9	-8
884	0007	000b	7	11
885	0004	fff5	4	-11
886	0007	0006	7	6
887	0009	fffe	9	-2
888	fff0	ffe2	-16	-30
889	fffe	fffd	-2	-3
890	0008	0003	8	3
891	0008	fffb	8	-5
892	0010	000c	16	12
893	000a	fff7	10	-9
894	0008	0007	8	7
895	0009	ffff	9	-1
896	fd6e	fe72	-658	-398
897	02d2	fd37	722	-713
898	0009	0000	9	0
899	000e	fff8	14	-8
900	0008	0008	8	8
901	fffb	fff0	-5	-16
902	0009	0003	9	3
903	0008	fffb	8	-5
904	0025	0014	37	20
905	0095	0076	149	118
906	0008	0001	8	1
907	0009	fff9	9	-7
908	0007	0013	7	19
909	0009	fff1	9	-15
910	0008	0005	8	5
911	0008	fffd	8	-3
912	0080	0026	128	38
913	020e	006d	526	109
914	0009	0000	9	0
915	0009	fff8	9	-8
916	0009	0008	9	8
917	0008	fff0	8	-16
918	0008	0004	8	4
919	0008	fffd	8	-3
920	00da	ffbe	218	-66
921	000a	ffc5	10	-59
922	0009	0001	9	1
923	000a	fff9	10	-7
924	0007	000e	7	14
925	0009	fff4	9	-12
926	0007	0007	7	7
927	0008	fffe	8	-2
928	0628	030d	1576	781
929	0107	00c1	263	193
930	0008	0000	8	0
931	0009	fff8	9	-8
932	000c	0008	12	8
933	0006	ffef	6	-17
934	0009	0003	9	3
935	0009	fffc	9	-4
936	002d	0031	45	49
937	0006	ff78	6	-136
938	0009	0001	9	1
939	0009	fffa	9	-6
940	0010	0013	16	19
941	0007	fff2	7	-14
942	0009	0006	9	6
943	0009	fffe	9	-2
944	fe83	ff50	-381	-176
945	ff55	02ea	-171	746
946	0009	0001	9	1
947	0009	fff9	9	-7
948	0008	000a	8	10
949	000e	fff6	14	-10
950	0009	0004	9	4
951	0008	fffd	8	-3
952	0070	00ed	112	237
953	0012	0000	18	0
954	0008	0002	8	2
955	0008	fffb	8	-5
956	0008	000f	8	15
957	000a	fff6	10	-10
958	0004	0009	4	9
959	0008	fffe	8	-2
960	01b0	006b	432	107
961	ff5a	0046	-166	70
962	0008	0000	8	0
963	0007	fff6	7	-10
964	0006	0006	6	6
965	000b	ffea	11	-22
966	0009	0003	9	3
967	0009	fffc	9	-4
968	0022	0009	34	9
969	ffef	002b	-17	43
970	0009	0001	9	1
971	0009	fff9	9	-7
972	000f	000b	15	11
973	0009	fff2	9	-14
974	0008	0005	8	5
975	0008	fffd	8	-3
976	0003	0007	3	7
977	0045	ffca	69	-54
978	0009	0000	9	0
979	0009	fff8	9	-8
980	0009	0009	9	9
981	000c	ffed	12	-19
982	0009	0004	9	4
983	0009	fffd	9	-3
984	0027	000b	39	11
985	0010	ffda	16	-38
986	0008	0002	8	2
987	0008	fffa	8	-6
988	000b	000c	11	12
989	0008	fff3	8	-13
990	000a	0006	10	6
991	0009	fffe	9	-2
992	00a0	0b38	160	2872
993	005f	fedf	95	-289
994	0008	0000	8	0
995	0008	fff6	8	-10
996	0009	0009	9	9
997	0013	ffeb	19	-21
998	0009	0004	9	4
999	0009	fffc	9	-4
1000	0005	001a	5	26
1001	000b	ffd5	11	-43
1002	0009	0001	9	1
1003	0009	fffa	9	-6
1004	fffc	0011	-4	17
1005	0009	fff4	9	-12
1006	0009	0006	9	6
1007	0009	fffe	9	-2
1008	fc62	02cd	-926	717
1009	0045	ffd0	69	-48
1010	0008	0001	8	1
1011	0009	fff9	9	-7
1012	0008	000a	8	10
1013	0005	ffe9	5	-23
1014	0009	0005	9	5
1015	0008	fffd	8	-3
1016	0020	00a2	32	162
1017	000b	ffc2	11	-62
1018	0008	0002	8	2
1019	0009	fffb	9	-5
1020	0010	0014	16	20
1021	000a	fff5	10	-11
1022	0009	000a	9	10
1023	0009	ffff	9	-1
