0	0079	ffd6	121	-42
1	0045	0000	69	0
2	0013	0000	19	0
3	0013	ffec	19	-20
4	0012	0013	18	19
5	ffe9	ffe4	-23	-28
6	0013	0007	19	7
7	0013	fff7	19	-9
8	ffe9	0019	-23	25
9	ff60	ff68	-160	-152
10	0013	0002	19	2
11	0012	fff3	18	-13
12	0011	001c	17	28
13	0011	ffe1	17	-31
14	0012	000b	18	11
15	0014	fffc	20	-4
16	ff60	0094	-160	148
17	ff48	0001	-184	1
18	0012	0001	18	1
19	0014	fff1	20	-15
20	0014	0017	20	23
21	0018	ffda	24	-38
22	0012	0009	18	9
23	0012	fff9	18	-7
24	0038	004b	56	75
25	0039	ffb2	57	-78
26	0012	0004	18	4
27	0013	fff4	19	-12
28	0017	0023	23	35
29	0014	ffe8	20	-24
30	0013	000d	19	13
31	0013	fffe	19	-2
32	ff4a	fffd	-182	-3
33	022c	05fa	556	1530
34	0013	0000	19	0
35	0012	ffee	18	-18
36	0012	0014	18	20
37	0014	ffdc	20	-36
38	0012	0007	18	7
39	0014	fff8	20	-8
40	ffeb	0037	-21	55
41	0074	fff0	116	-16
42	0013	0004	19	4
43	0012	fff5	18	-11
44	0017	001d	23	29
45	0011	ffe2	17	-30
46	0012	000d	18	13
47	0013	fffc	19	-4
48	ffd3	012a	-45	298
49	ffd1	fed2	-47	-302
50	0013	0001	19	1
51	0013	fff1	19	-15
52	0011	001b	17	27
53	0018	ffe1	24	-31
54	0012	000a	18	10
55	0013	fffa	19	-6
56	0074	000d	116	13
57	ffea	ffc5	-22	-59
58	0014	0005	20	5
59	0012	fff6	18	-10
60	0014	0021	20	33
61	0012	ffe9	18	-23
62	0011	0010	17	16
63	0012	ffff	18	-1
64	022c	fa03	556	-1533
65	fec4	fde3	-316	-541
66	0013	0000	19	0
67	0013	ffee	19	-18
68	0013	0015	19	21
69	ffdf	ffda	-33	-38
70	0013	0007	19	7
71	0013	fff8	19	-8
72	0028	003b	40	59
73	ffd0	ff0c	-48	-244
74	0012	0003	18	3
75	0012	fff4	18	-12
76	0023	0034	35	52
77	0013	ffe0	19	-32
78	0011	000d	17	13
79	0012	fffc	18	-4
80	0504	ff6a	1284	-150
81	fe90	004b	-368	75
82	0013	0001	19	1
83	0013	fff1	19	-15
84	0018	0013	24	19
85	0010	ffdd	16	-35
86	0013	0009	19	9
87	0012	fff9	18	-7
88	fffc	0030	-4	48
89	ffe5	ffc6	-27	-58
90	0013	0005	19	5
91	0013	fff4	19	-12
92	0012	0026	18	38
93	0012	ffe8	18	-24
94	0015	000d	21	13
95	0013	fffd	19	-3
96	ffe1	03a1	-31	929
97	ffdf	fc5a	-33	-934
98	0012	0000	18	0
99	0014	fff0	20	-16
100	0011	0015	17	21
101	0012	ffd7	18	-41
102	0013	0009	19	9
103	0014	fff9	20	-7
104	ffe6	0037	-26	55
105	fffc	ffcc	-4	-52
106	0012	0004	18	4
107	0013	fff4	19	-12
108	000f	0020	15	32
109	0019	ffea	25	-22
110	0013	000d	19	13
111	0013	fffd	19	-3
112	fe91	ffb3	-367	-77
113	0505	0094	1285	148
114	0012	0002	18	2
115	0012	fff1	18	-15
116	0012	001d	18	29
117	0024	ffca	36	-54
118	0012	000b	18	11
119	0013	fffb	19	-5
120	ffd1	00f1	-47	241
121	0029	ffc1	41	-63
122	0013	0005	19	5
123	0014	fff6	20	-10
124	ffe0	0022	-32	34
125	0014	ffe7	20	-25
126	0014	0010	20	16
127	0013	fffe	19	-2
128	fec6	0217	-314	535
129	0046	ff36	70	-202
130	0013	0000	19	0
131	0016	ffec	22	-20
132	0014	0013	20	19
133	0016	ffd0	22	-48
134	0012	0006	18	6
135	0014	fff8	20	-8
136	ffce	000a	-50	10
137	0084	ff7c	132	-132
138	0013	0004	19	4
139	0012	fff3	18	-13
140	0015	001f	21	31
141	0013	ffe2	19	-30
142	0012	000d	18	13
143	0012	fffb	18	-5
144	0084	014a	132	330
145	ff18	ff70	-232	-144
146	0013	0001	19	1
147	0011	fff0	17	-16
148	0012	0016	18	22
149	000e	ffd9	14	-39
150	0012	0009	18	9
151	0013	fffa	19	-6
152	004f	0040	79	64
153	0088	0009	136	9
154	0013	0005	19	5
155	0013	fff5	19	-11
156	0010	0017	16	23
157	0013	ffe7	19	-25
158	0012	000e	18	14
159	0013	fffd	19	-3
160	ffac	0067	-84	103
161	fd16	f994	-746	-1644
162	0012	0000	18	0
163	0015	ffef	21	-17
164	0013	0016	19	22
165	0032	ffbf	50	-65
166	0013	0008	19	8
167	0013	fff8	19	-8
168	0000	003a	0	58
169	0004	fed6	4	-298
170	0012	0004	18	4
171	0012	fff4	18	-12
172	003e	fff0	62	-16
173	0012	ffe7	18	-25
174	0011	000d	17	13
175	0012	fffe	18	-2
176	0036	fefa	54	-262
177	ff81	ffa3	-127	-93
178	0013	0003	19	3
179	0012	fff1	18	-15
180	0014	001a	20	26
181	0016	ffe3	22	-29
182	0012	000a	18	10
183	0012	fffa	18	-6
184	003e	00bd	62	189
185	001c	ffb5	28	-75
186	0014	0006	20	6
187	0013	fff7	19	-9
188	000e	0023	14	35
189	0012	ffec	18	-20
190	0013	0011	19	17
191	0012	ffff	18	-1
192	0291	ffef	657	-17
193	0291	000f	657	15
194	0013	0000	19	0
195	0014	ffed	20	-19
196	0013	0011	19	17
197	000f	ffda	15	-38
198	0013	0008	19	8
199	0014	fff8	20	-8
200	001c	0048	28	72
201	003f	ff40	63	-192
202	0012	0005	18	5
203	0011	fff4	17	-12
204	0015	001a	21	26
205	0015	ffe4	21	-28
206	0012	000d	18	13
207	0014	fffb	20	-5
208	ff82	0059	-126	89
209	0037	0104	55	260
210	0013	0002	19	2
211	0011	fff1	17	-15
212	0012	0017	18	23
213	003f	000f	63	15
214	0012	000b	18	11
215	0012	fffa	18	-6
216	0004	0126	4	294
217	0002	ffc2	2	-62
218	0013	0005	19	5
219	0012	fff6	18	-10
220	0032	003f	50	63
221	0013	ffe6	19	-26
222	0015	000f	21	15
223	0013	fffe	19	-2
224	fd19	0667	-743	1639
225	ffaa	ff94	-86	-108
226	0013	0000	19	0
227	0013	fff0	19	-16
228	0013	0016	19	22
229	0010	ffe7	16	-25
230	0013	000a	19	10
231	0013	fffa	19	-6
232	0088	fff5	136	-11
233	0050	ffbc	80	-68
234	0013	0004	19	4
235	0013	fff4	19	-12
236	000e	0024	14	36
237	0013	ffe6	19	-26
238	0012	000e	18	14
239	0013	fffd	19	-3
240	ff1a	008c	-230	140
241	0085	feb2	133	-334
242	0012	0003	18	3
243	0012	fff0	18	-16
244	0012	001b	18	27
245	0015	ffde	21	-34
246	0012	000b	18	11
247	0013	fffa	19	-6
248	0084	0081	132	129
249	ffcd	fff3	-51	-13
250	0013	0007	19	7
251	0013	fff8	19	-8
252	0016	002d	22	45
253	0014	ffea	20	-22
254	0015	0013	21	19
255	0012	ffff	18	-1
256	0047	00c5	71	197
257	ffec	00c0	-20	192
258	0013	0000	19	0
259	0012	ffeb	18	-21
260	0013	0013	19	19
261	fff7	ffe9	-9	-23
262	0012	0007	18	7
263	0012	fff8	18	-8
264	000b	0038	11	56
265	005d	fea4	93	-348
266	0013	0003	19	3
267	0013	fff4	19	-12
268	0016	001d	22	29
269	0011	ffe4	17	-28
270	0012	000c	18	12
271	0011	fffb	17	-5
272	0081	0262	129	610
273	ffee	feb0	-18	-336
274	0012	0001	18	1
275	0012	ffef	18	-17
276	0016	0019	22	25
277	0010	ffdb	16	-37
278	0013	000a	19	10
279	0014	fffa	20	-6
280	004a	007d	74	125
281	0066	ffb5	102	-75
282	0011	0005	17	5
283	0012	fff5	18	-11
284	0010	0023	16	35
285	0013	ffe7	19	-25
286	0013	000e	19	14
287	0013	fffd	19	-3
288	ffe0	010c	-32	268
289	ffa2	fe87	-94	-377
290	0013	0000	19	0
291	0012	ffec	18	-20
292	0012	0013	18	19
293	0008	fff2	8	-14
294	0012	0008	18	8
295	0013	fff8	19	-8
296	fff6	0054	-10	84
297	0045	ffc5	69	-59
298	0012	0003	18	3
299	0013	fff4	19	-12
300	0019	0022	25	34
301	0014	ffe3	20	-29
302	0013	000c	19	12
303	0012	fffc	18	-4
304	0177	02f1	375	753
305	fff0	0080	-16	128
306	0012	0002	18	2
307	0012	fff0	18	-16
308	0011	0017	17	23
309	0012	ffe2	18	-30
310	0013	000c	19	12
311	0012	fffc	18	-4
312	00d4	fff2	212	-14
313	0033	ffbf	51	-65
314	0013	0006	19	6
315	0013	fff6	19	-10
316	0004	0028	4	40
317	0014	ffea	20	-22
318	0014	000f	20	15
319	0012	ffff	18	-1
320	00cc	fc70	204	-912
321	0314	05e1	788	1505
322	0012	0000	18	0
323	0015	ffee	21	-18
324	0014	0012	20	18
325	000d	ffde	13	-34
326	0012	0008	18	8
327	0013	fff8	19	-8
328	000c	0053	12	83
329	004c	ff9b	76	-101
330	0013	0003	19	3
331	0013	fff3	19	-13
332	0013	0019	19	25
333	0013	ffe4	19	-28
334	0013	000d	19	13
335	0014	fffd	20	-3
336	fddd	ffde	-547	-34
337	0217	ff1e	535	-226
338	0013	0001	19	1
339	0014	fff0	20	-16
340	0012	0018	18	24
341	000d	ffde	13	-34
342	0013	000a	19	10
343	0011	fff9	17	-7
344	0058	00dc	88	220
345	fff3	ffbc	-13	-68
346	0012	0006	18	6
347	0012	fff7	18	-9
348	0012	0035	18	53
349	0012	ffea	18	-22
350	0013	0011	19	17
351	0012	fffe	18	-2
352	fff6	fa04	-10	-1532
353	ffa8	ff6a	-88	-150
354	0013	0000	19	0
355	0014	fff0	20	-16
356	0012	0016	18	22
357	0011	ffd8	17	-40
358	0013	0009	19	9
359	0013	fff8	19	-8
360	ffd8	0059	-40	89
361	0022	ffc7	34	-57
362	0012	0004	18	4
363	0012	fff5	18	-11
364	0010	0021	16	33
365	0011	ffe8	17	-24
366	0012	000e	18	14
367	0012	fffc	18	-4
368	0093	00a0	147	160
369	0376	ff61	886	-159
370	0014	0003	20	3
371	0013	fff1	19	-15
372	0012	001b	18	27
373	0016	ffdb	22	-37
374	0013	000c	19	12
375	0012	fffb	18	-5
376	fff6	00d6	-10	214
377	0026	ffd5	38	-43
378	0013	0005	19	5
379	0014	fff7	20	-9
380	0010	0035	16	53
381	0013	ffeb	19	-21
382	0014	0012	20	18
383	0012	ffff	18	-1
384	0563	fc4c	1379	-948
385	0562	03b0	1378	944
386	0012	0000	18	0
387	0014	ffec	20	-20
388	0012	0012	18	18
389	0010	ffc9	16	-55
390	0014	0007	20	7
391	0013	fff9	19	-7
392	0026	0028	38	40
393	fff5	ff27	-11	-217
394	0012	0004	18	4
395	0013	fff2	19	-14
396	0015	0022	21	34
397	0013	ffe3	19	-29
398	0013	000d	19	13
399	0013	fffb	19	-5
400	0375	009b	885	155
401	0093	ff5c	147	-164
402	0012	0001	18	1
403	0012	fff0	18	-16
404	0010	0015	16	21
405	0011	ffdc	17	-36
406	0012	0008	18	8
407	0012	fff9	18	-7
408	0021	0035	33	53
409	ffd7	ffa4	-41	-92
410	0013	0006	19	6
411	0014	fff4	20	-12
412	0011	0025	17	37
413	0012	ffe7	18	-25
414	0013	000e	19	14
415	0013	fffe	19	-2
416	ffaa	0092	-86	146
417	fff5	05f9	-11	1529
418	0012	0000	18	0
419	0014	ffed	20	-19
420	0012	0013	18	19
421	0012	ffc8	18	-56
422	0012	0007	18	7
423	0012	fff8	18	-8
424	fff3	0041	-13	65
425	0059	ff20	89	-224
426	0012	0003	18	3
427	0014	fff4	20	-12
428	000d	001f	13	31
429	0012	ffe5	18	-27
430	0013	000e	19	14
431	0012	fffc	18	-4
432	0216	00de	534	222
433	fddb	001f	-549	31
434	0013	0001	19	1
435	0013	fff1	19	-15
436	0013	0019	19	25
437	0013	ffe5	19	-27
438	0013	000b	19	11
439	0013	fffb	19	-5
440	004b	0061	75	97
441	000c	ffaa	12	-86
442	0012	0006	18	6
443	0012	fff6	18	-10
444	000c	001f	12	31
445	0014	ffec	20	-20
446	0014	0011	20	17
447	0012	ffff	18	-1
448	0315	fa1c	789	-1508
449	00cb	038d	203	909
450	0012	0000	18	0
451	0014	ffef	20	-17
452	0013	0014	19	20
453	0005	ffd5	5	-43
454	0013	0007	19	7
455	0013	fff7	19	-9
456	0033	003d	51	61
457	00d4	000c	212	12
458	0012	0003	18	3
459	0013	fff3	19	-13
460	0011	001b	17	27
461	0011	ffe6	17	-26
462	0012	000e	18	14
463	0011	fffc	17	-4
464	fff1	ff7d	-15	-131
465	0178	fd0b	376	-757
466	0013	0001	19	1
467	0014	fff1	20	-15
468	0014	001a	20	26
469	001a	ffdc	26	-36
470	0013	000a	19	10
471	0012	fffa	18	-6
472	0044	0037	68	55
473	fff5	ffa9	-11	-87
474	0013	0006	19	6
475	0013	fff6	19	-10
476	0008	000b	8	11
477	0013	ffea	19	-22
478	0012	0012	18	18
479	0013	fffe	19	-2
480	ffa3	0175	-93	373
481	ffde	fef0	-34	-272
482	0013	0001	19	1
483	0014	fff0	20	-16
484	0012	0016	18	22
485	0011	ffda	17	-38
486	0012	0009	18	9
487	0011	fff8	17	-8
488	0066	0048	102	72
489	004a	ff7f	74	-129
490	0013	0004	19	4
491	0013	fff4	19	-12
492	0011	0023	17	35
493	0016	ffe4	22	-28
494	0011	000f	17	15
495	0012	fffd	18	-3
496	ffef	014c	-17	332
497	0081	fd9a	129	-614
498	0011	0002	17	2
499	0013	fff2	19	-14
500	0011	0019	17	25
501	0016	ffe0	22	-32
502	0012	000a	18	10
503	0013	fffb	19	-5
504	005c	0159	92	345
505	000b	ffc5	11	-59
506	0012	0006	18	6
507	0013	fff8	19	-8
508	fff8	0014	-8	20
509	0014	ffeb	20	-21
510	0012	0014	18	20
511	0012	0000	18	0
512	ffee	ff3c	-18	-196
513	0078	0026	120	38
514	0013	0000	19	0
515	0013	ffeb	19	-21
516	0012	0013	18	19
517	0004	ffd3	4	-45
518	0013	0008	19	8
519	0012	fff6	18	-10
520	000b	003f	11	63
521	002e	ff87	46	-121
522	0013	0002	19	2
523	0012	fff2	18	-14
524	0017	0016	23	22
525	0017	ffe1	23	-31
526	0014	000c	20	12
527	0013	fffd	19	-3
528	ff85	ffbe	-123	-66
529	ff33	fb30	-205	-1232
530	0013	0001	19	1
531	0014	ffef	20	-17
532	0013	0018	19	24
533	0011	ffdb	17	-37
534	0012	000a	18	10
535	0012	fffa	18	-6
536	006d	0019	109	25
537	0016	fff1	22	-15
538	0012	0004	18	4
539	0012	fff6	18	-10
540	000c	0035	12	53
541	0012	ffe6	18	-26
542	0012	0010	18	16
543	0013	fffd	19	-3
544	ff85	0049	-123	73
545	fc52	f7a6	-942	-2138
546	0013	0000	19	0
547	0014	ffee	20	-18
548	0015	0016	21	22
549	0013	ffea	19	-22
550	0012	0008	18	8
551	0012	fff9	18	-7
552	fff4	005b	-12	91
553	0049	ffc7	73	-57
554	0013	0004	19	4
555	0013	fff3	19	-13
556	0016	001e	22	30
557	0011	ffe6	17	-26
558	0014	000d	20	13
559	0014	fffc	20	-4
560	ff50	0149	-176	329
561	ffbf	fe9e	-65	-354
562	0013	0002	19	2
563	0012	fff1	18	-15
564	0013	001a	19	26
565	0017	ffdf	23	-33
566	0013	000b	19	11
567	0012	fffb	18	-5
568	00cd	00f1	205	241
569	0018	ffab	24	-85
570	0012	0006	18	6
571	0012	fff5	18	-11
572	000d	0022	13	34
573	0014	ffea	20	-22
574	0012	0011	18	17
575	0012	ffff	18	-1
576	00f5	fe1b	245	-485
577	006d	ff5b	109	-165
578	0013	0000	19	0
579	0013	ffed	19	-19
580	0011	0011	17	17
581	0009	ffe3	9	-29
582	0013	0008	19	8
583	0013	fff7	19	-9
584	0012	000e	18	14
585	0002	ffd5	2	-43
586	0012	0004	18	4
587	0012	fff2	18	-14
588	0010	0017	16	23
589	0013	ffe6	19	-26
590	0013	000c	19	12
591	0012	fffc	18	-4
592	fbb2	002e	-1102	46
593	fdf1	ffb5	-527	-75
594	0013	0001	19	1
595	0013	fff0	19	-16
596	0012	0017	18	23
597	000f	ffdf	15	-33
598	0014	0008	20	8
599	0013	fffa	19	-6
600	0039	0046	57	70
601	0015	ffbe	21	-66
602	0013	0005	19	5
603	0013	fff6	19	-10
604	0013	0027	19	39
605	0013	ffe8	19	-24
606	0012	0010	18	16
607	0013	fffd	19	-3
608	ffeb	043f	-21	1087
609	fda8	0519	-600	1305
610	0012	0000	18	0
611	0013	ffee	19	-18
612	0014	0015	20	21
613	0012	ffd8	18	-40
614	0012	0009	18	9
615	0012	fff8	18	-8
616	ffe1	0035	-31	53
617	ffef	feda	-17	-294
618	0013	0004	19	4
619	0013	fff5	19	-11
620	0010	0020	16	32
621	0015	ffe7	21	-25
622	0013	000e	19	14
623	0013	fffc	19	-4
624	ff06	02ce	-250	718
625	01db	ffaf	475	-81
626	0012	0002	18	2
627	0014	fff2	20	-14
628	0013	001b	19	27
629	0010	ffdc	16	-36
630	0013	000c	19	12
631	0013	fffb	19	-5
632	0051	0031	81	49
633	001a	ffc2	26	-62
634	0013	0005	19	5
635	0012	fff6	18	-10
636	0017	0020	23	32
637	0012	ffec	18	-20
638	0012	0010	18	16
639	0013	fffe	19	-2
640	ff74	0538	-140	1336
641	fda8	0482	-600	1154
642	0012	0000	18	0
643	0013	ffec	19	-20
644	0012	0013	18	19
645	0023	ffc2	35	-62
646	0013	0008	19	8
647	0013	fff8	19	-8
648	002f	0030	47	48
649	0050	ffd1	80	-47
650	0013	0003	19	3
651	0012	fff2	18	-14
652	0012	001e	18	30
653	0014	ffe3	20	-29
654	0012	000b	18	11
655	0013	fffb	19	-5
656	ffea	0063	-22	99
657	feed	fe91	-275	-367
658	0013	0001	19	1
659	0014	fff0	20	-16
660	0014	0016	20	22
661	0011	ffdc	17	-36
662	0013	0009	19	9
663	0013	fffb	19	-5
664	001e	0008	30	8
665	ff5f	ff8b	-161	-117
666	0013	0005	19	5
667	0013	fff6	19	-10
668	0010	0027	16	39
669	0014	ffe7	20	-25
670	0014	000f	20	15
671	0013	fffd	19	-3
672	ff7e	0108	-130	264
673	fede	fa89	-290	-1399
674	0013	0000	19	0
675	0014	ffef	20	-17
676	0011	0016	17	22
677	0026	ffcf	38	-49
678	0012	0009	18	9
679	0013	fffa	19	-6
680	0013	0010	19	16
681	ffc6	ffb3	-58	-77
682	0013	0004	19	4
683	0013	fff5	19	-11
684	fffa	002a	-6	42
685	0012	ffe5	18	-27
686	0013	000d	19	13
687	0013	fffc	19	-4
688	0157	0072	343	114
689	fef0	ff25	-272	-219
690	0011	0002	17	2
691	0014	fff2	20	-14
692	0013	0019	19	25
693	0016	ffe0	22	-32
694	0013	000b	19	11
695	0012	fffb	18	-5
696	0015	ff52	21	-174
697	001e	ffa3	30	-93
698	0013	0006	19	6
699	0013	fff6	19	-10
700	000c	0020	12	32
701	0013	ffeb	19	-21
702	0013	0010	19	16
703	0013	ffff	19	-1
704	f8e2	f16e	-1822	-3730
705	0057	fa02	87	-1534
706	0012	0000	18	0
707	0013	ffee	19	-18
708	000f	0013	15	19
709	0011	ffe1	17	-31
710	0013	0006	19	6
711	0013	fff9	19	-7
712	001f	0040	31	64
713	fffa	0047	-6	71
714	0012	0004	18	4
715	0013	fff3	19	-13
716	0018	001e	24	30
717	0013	ffe4	19	-28
718	0012	000f	18	15
719	0013	fffc	19	-4
720	ffe1	0044	-31	68
721	004a	fe82	74	-382
722	0013	0002	19	2
723	0014	fff0	20	-16
724	0014	0018	20	24
725	0026	ffe1	38	-31
726	0012	000b	18	11
727	0012	fffb	18	-5
728	0049	fff0	73	-16
729	001c	001d	28	29
730	0013	0005	19	5
731	0013	fff6	19	-10
732	fffa	fff8	-6	-8
733	0012	ffeb	18	-21
734	0010	000f	16	15
735	0013	ffff	19	-1
736	00f2	fc19	242	-999
737	0085	fd94	133	-620
738	0013	0000	19	0
739	0013	ffef	19	-17
740	0012	0016	18	22
741	0011	ffd9	17	-39
742	0012	0009	18	9
743	0013	fff9	19	-7
744	0059	001e	89	30
745	0008	0016	8	22
746	0012	0004	18	4
747	0012	fff5	18	-11
748	001c	001c	28	28
749	0013	ffe7	19	-25
750	0012	000e	18	14
751	0013	fffc	19	-4
752	ffc7	00ce	-57	206
753	ffcd	ff98	-51	-104
754	0012	0003	18	3
755	0013	fff2	19	-14
756	0013	001b	19	27
757	0013	ffde	19	-34
758	0013	000c	19	12
759	0013	fffc	19	-4
760	004e	009c	78	156
761	0015	ffd4	21	-44
762	0012	0006	18	6
763	0013	fff7	19	-9
764	001e	0038	30	56
765	0014	ffea	20	-22
766	0012	0012	18	18
767	0012	fffe	18	-2
768	0662	028b	1634	651
769	0661	fd6f	1633	-657
770	0013	0000	19	0
771	0013	ffec	19	-20
772	0014	0013	20	19
773	001e	ffc5	30	-59
774	0013	0007	19	7
775	0012	fff8	18	-8
776	0015	0028	21	40
777	004f	ff61	79	-159
778	0013	0002	19	2
779	0014	fff2	20	-14
780	0013	001f	19	31
781	0013	ffe1	19	-31
782	0013	000b	19	11
783	0013	fffb	19	-5
784	ffcf	0064	-49	100
785	ffc6	ff2e	-58	-210
786	0013	0001	19	1
787	0013	ffef	19	-17
788	0013	0016	19	22
789	001e	ffe2	30	-30
790	0012	000a	18	10
791	0013	fffa	19	-6
792	0008	ffe9	8	-23
793	0059	ffdf	89	-33
794	0012	0005	18	5
795	0013	fff5	19	-11
796	0011	0024	17	36
797	0013	ffe7	19	-25
798	0013	000f	19	15
799	0012	fffd	18	-3
800	0085	0268	133	616
801	00f2	03e4	242	996
802	0012	0000	18	0
803	0011	ffee	17	-18
804	0012	0012	18	18
805	fffa	0007	-6	7
806	0013	0009	19	9
807	0013	fff8	19	-8
808	001c	ffe1	28	-31
809	004a	000f	74	15
810	0013	0004	19	4
811	0013	fff4	19	-12
812	0026	001d	38	29
813	0014	ffe5	20	-27
814	0014	000f	20	15
815	0012	fffc	18	-4
816	004a	017a	74	378
817	ffe0	ffb8	-32	-72
818	0013	0001	19	1
819	0012	ffef	18	-17
820	0013	0019	19	25
821	0019	ffdf	25	-33
822	0013	000b	19	11
823	0012	fffa	18	-6
824	fffb	ffb7	-5	-73
825	001f	ffbc	31	-68
826	0012	0005	18	5
827	0013	fff7	19	-9
828	0011	001b	17	27
829	0010	ffea	16	-22
830	0013	0010	19	16
831	0012	fffe	18	-2
832	0058	05f9	88	1529
833	f8e0	0e8f	-1824	3727
834	0012	0000	18	0
835	0012	ffed	18	-19
836	0012	0012	18	18
837	000c	ffdd	12	-35
838	0012	0007	18	7
839	0012	fff8	18	-8
840	001c	005a	28	90
841	0016	00ac	22	172
842	0013	0003	19	3
843	0014	fff3	20	-13
844	0016	001d	22	29
845	0013	ffe4	19	-28
846	0014	000d	20	13
847	0012	fffc	18	-4
848	fef3	00d7	-269	215
849	0158	ff8a	344	-118
850	0013	0002	19	2
851	0013	fff1	19	-15
852	0011	0018	17	24
853	fffa	ffd3	-6	-45
854	0013	0009	19	9
855	0013	fff9	19	-7
856	ffc7	0049	-57	73
857	0014	ffed	20	-19
858	0013	0005	19	5
859	0013	fff6	19	-10
860	0026	002f	38	47
861	0011	ffe7	17	-25
862	0014	000f	20	15
863	0013	fffd	19	-3
864	fedf	0573	-289	1395
865	ff7c	fef3	-132	-269
866	0012	0000	18	0
867	0013	ffef	19	-17
868	0012	0016	18	22
869	0011	ffd6	17	-42
870	0013	0008	19	8
871	0014	fff8	20	-8
872	ff60	0072	-160	114
873	001f	fff4	31	-12
874	0013	0003	19	3
875	0013	fff4	19	-12
876	0011	0022	17	34
877	0015	ffe7	21	-25
878	0013	000e	19	14
879	0013	fffc	19	-4
880	feef	016b	-273	363
881	ffe9	ff99	-23	-103
882	0013	0003	19	3
883	0013	fff2	19	-14
884	0014	0019	20	25
885	0013	ffdf	19	-33
886	0012	000c	18	12
887	0013	fffb	19	-5
888	0050	002b	80	43
889	002f	ffcd	47	-51
890	0014	0006	20	6
891	0013	fff7	19	-9
892	0023	003b	35	59
893	0013	ffeb	19	-21
894	0014	0012	20	18
895	0013	0000	19	0
896	fdab	fb7a	-597	-1158
897	ff71	fac1	-143	-1343
898	0013	0000	19	0
899	0012	ffee	18	-18
900	0012	0011	18	17
901	0018	ffdd	24	-35
902	0013	0008	19	8
903	0013	fff9	19	-7
904	001a	003b	26	59
905	0051	ffcb	81	-53
906	0013	0003	19	3
907	0013	fff2	19	-14
908	000f	0021	15	33
909	0013	ffe3	19	-29
910	0013	000c	19	12
911	0012	fffc	18	-4
912	01db	004d	475	77
913	ff04	fd2d	-252	-723
914	0013	0001	19	1
915	0012	fff0	18	-16
916	0014	0016	20	22
917	0011	ffdd	17	-35
918	0013	0009	19	9
919	0012	fffa	18	-6
920	fff0	0123	-16	291
921	ffe0	ffc7	-32	-57
922	0012	0005	18	5
923	0012	fff5	18	-11
924	0012	0025	18	37
925	0015	ffe8	21	-24
926	0014	0010	20	16
927	0013	fffe	19	-2
928	fdab	fae3	-597	-1309
929	ffe9	fbbc	-23	-1092
930	0012	0000	18	0
931	0012	ffed	18	-19
932	0012	0015	18	21
933	0013	ffd6	19	-42
934	0013	0008	19	8
935	0014	fff9	20	-7
936	0015	003e	21	62
937	0039	ffb7	57	-73
938	0013	0004	19	4
939	0015	fff6	21	-10
940	000f	001e	15	30
941	0012	ffe6	18	-26
942	0013	000e	19	14
943	0013	fffc	19	-4
944	fdf2	0046	-526	70
945	fbb1	ffce	-1103	-50
946	0012	0001	18	1
947	0013	fff1	19	-15
948	0012	0017	18	23
949	0011	ffe5	17	-27
950	0012	000b	18	11
951	0011	fff9	17	-7
952	0001	0027	1	39
953	0013	ffee	19	-18
954	0013	0007	19	7
955	0013	fff6	19	-10
956	0009	001b	9	27
957	0011	ffec	17	-20
958	0012	0011	18	17
959	0012	fffe	18	-2
960	006d	009f	109	159
961	00f5	01e2	245	482
962	0013	0000	19	0
963	0013	ffec	19	-20
964	0013	0014	19	20
965	000e	ffdc	14	-36
966	0012	0009	18	9
967	0012	fff8	18	-8
968	0017	0051	23	81
969	00cd	ff0b	205	-245
970	0012	0003	18	3
971	0013	fff3	19	-13
972	0016	001e	22	30
973	0013	ffe3	19	-29
974	0011	000d	17	13
975	0014	fffc	20	-4
976	ffc1	015f	-63	351
977	ff4f	feb4	-177	-332
978	0013	0002	19	2
979	0014	fff1	20	-15
980	0010	0017	16	23
981	0016	ffdf	22	-33
982	0012	000b	18	11
983	0013	fff9	19	-7
984	0048	0035	72	53
985	fff3	ffa1	-13	-95
986	0012	0005	18	5
987	0012	fff6	18	-10
988	0013	0013	19	19
989	0016	ffe7	22	-25
990	0014	0010	20	16
991	0013	fffe	19	-2
992	fc55	0856	-939	2134
993	ff83	ffb3	-125	-77
994	0013	0001	19	1
995	0012	ffee	18	-18
996	0012	0017	18	23
997	000d	ffc8	13	-56
998	0012	0008	18	8
999	0012	fff9	18	-7
1000	0016	000c	22	12
1001	006d	ffe4	109	-28
1002	0012	0005	18	5
1003	0012	fff4	18	-12
1004	0011	0022	17	34
1005	0013	ffe5	19	-27
1006	0013	000f	19	15
1007	0013	fffd	19	-3
1008	ff34	04cc	-204	1228
1009	ff83	003f	-125	63
1010	0011	0002	17	2
1011	0014	fff1	20	-15
1012	0017	001c	23	28
1013	0017	ffe7	23	-25
1014	0012	000b	18	11
1015	0013	fffb	19	-5
1016	002d	0075	45	117
1017	000b	ffbe	11	-66
1018	0011	0008	17	8
1019	0012	fff7	18	-9
1020	0003	002a	3	42
1021	0012	ffeb	18	-21
1022	0012	0014	18	20
1023	0012	0000	18	0
