0	-7.875000	-1.937500
1	-7.218750	0.000000
2	-8.000000	1.781250
3	-6.093750	3.187500
4	48.343750	-5.843750
5	-7.593750	-15.468750
6	-11.031250	4.781250
7	-9.281250	-1.687500
8	41.843750	18.437500
9	19.406250	30.593750
10	1.656250	-11.531250
11	-33.843750	-27.250000
12	-128.093750	-33.343750
13	13.250000	-2.906250
14	-20.843750	27.812500
15	-25.781250	4.187500
16	-10.343750	18.093750
17	-33.375000	43.156250
18	51.187500	-42.281250
19	22.000000	-10.718750
20	7.750000	4.156250
21	-15.625000	-31.218750
22	-8.312500	-15.562500
23	22.125000	-38.906250
24	-5.187500	1.281250
25	2.781250	5.343750
26	-31.656250	-49.531250
27	-4.593750	-12.687500
28	-2.062500	1.937500
29	0.781250	-2.937500
30	-3.031250	-15.250000
31	-0.875000	3.875000
32	2.218750	-5.250000
33	0.062500	-1.031250
34	-25.968750	27.718750
35	-1.031250	-4.218750
36	0.343750	-2.062500
37	1.406250	3.437500
38	5.531250	-13.656250
39	0.937500	3.625000
40	-1.718750	-18.906250
41	-3.593750	-0.562500
42	-6.062500	-0.093750
43	2.437500	4.406250
44	-6.625000	5.031250
45	-2.343750	13.468750
46	-1.312500	-6.093750
47	-15.718750	17.218750
48	0.687500	-3.437500
49	-0.406250	-3.000000
50	1.750000	-2.406250
51	0.375000	-4.218750
52	-4.343750	-0.250000
53	-4.500000	-0.031250
54	0.218750	-1.593750
55	-5.250000	-1.531250
56	-15.718750	8.781250
57	21.343750	-11.000000
58	5.187500	-10.875000
59	11.750000	-21.875000
60	4.531250	11.406250
61	2.062500	-2.937500
62	4.375000	-5.031250
63	-9.750000	3.718750
64	3.812500	-0.843750
65	5.062500	0.125000
66	-1.875000	3.875000
67	-1.000000	6.843750
68	1.468750	-3.906250
69	-0.937500	-0.781250
70	-1.718750	-0.781250
71	4.031250	-0.156250
72	1.187500	1.343750
73	2.906250	1.593750
74	-3.656250	-3.156250
75	-0.781250	-1.281250
76	-5.656250	-1.656250
77	0.375000	-1.156250
78	3.062500	-1.781250
79	-1.062500	-6.062500
80	1.687500	-2.093750
81	-0.031250	-2.312500
82	-0.343750	-1.937500
83	-0.812500	-2.062500
84	-1.968750	-1.687500
85	6.593750	-3.375000
86	4.312500	-0.406250
87	4.656250	0.375000
88	0.218750	0.093750
89	-0.343750	-0.906250
90	2.062500	-4.781250
91	-1.656250	0.000000
92	0.562500	-0.625000
93	0.562500	-0.687500
94	0.500000	-1.375000
95	-0.125000	-1.437500
96	0.906250	-1.281250
97	-1.406250	-1.875000
98	0.875000	0.062500
99	-0.281250	0.968750
100	-0.625000	-1.000000
101	-0.062500	2.437500
102	-1.375000	1.843750
103	0.437500	0.218750
104	0.406250	0.000000
105	0.156250	-0.031250
106	0.250000	-0.593750
107	0.468750	-0.937500
108	0.187500	-0.843750
109	0.375000	-0.406250
110	0.531250	-1.562500
111	-0.937500	-0.281250
112	-0.187500	-0.187500
113	-0.500000	-0.468750
114	-0.125000	-1.000000
115	0.500000	-0.500000
116	0.187500	-0.343750
117	0.125000	-0.343750
118	0.187500	-0.312500
119	0.031250	-0.312500
120	0.187500	-0.968750
121	0.531250	-0.656250
122	-0.093750	-0.250000
123	0.000000	-0.406250
124	0.375000	-0.125000
125	0.406250	-1.468750
126	-0.562500	-0.593750
127	-0.218750	-0.593750
128	-0.031250	-0.656250
129	-0.093750	-0.125000
130	0.250000	-0.843750
131	0.093750	-0.531250
132	0.031250	-0.500000
133	0.125000	-0.500000
134	0.062500	-0.531250
135	-0.062500	-0.750000
136	0.125000	0.031250
137	0.125000	-0.468750
138	0.156250	-0.437500
139	0.125000	-0.437500
140	0.156250	-0.437500
141	0.187500	-0.437500
142	0.125000	-0.406250
143	0.125000	-0.406250
144	0.187500	-0.468750
145	0.218750	-0.437500
146	0.187500	-0.250000
147	0.062500	-0.343750
148	0.656250	-0.531250
149	-0.656250	-0.437500
150	0.125000	-0.437500
151	0.031250	-0.218750
152	0.031250	-0.312500
153	0.062500	-0.281250
154	0.093750	-0.312500
155	0.125000	-0.343750
156	0.187500	-0.312500
157	0.031250	-0.156250
158	-0.062500	-0.312500
159	0.031250	-0.343750
160	-0.031250	-0.312500
161	0.000000	-0.250000
162	0.125000	-0.250000
163	0.156250	-0.281250
164	0.093750	-0.312500
165	0.093750	-0.312500
166	0.093750	-0.312500
167	0.125000	-0.312500
168	0.125000	-0.312500
169	0.093750	-0.312500
170	0.125000	-0.312500
171	0.093750	-0.312500
172	0.093750	-0.312500
173	0.093750	-0.281250
174	0.062500	-0.281250
175	0.218750	-0.406250
176	0.125000	-0.343750
177	0.125000	-0.312500
178	0.125000	-0.312500
179	0.156250	-0.312500
180	0.093750	-0.281250
181	0.031250	-0.312500
182	0.093750	-0.312500
183	0.093750	-0.281250
184	0.125000	-0.343750
185	-0.062500	-0.156250
186	0.093750	-0.218750
187	0.062500	-0.218750
188	-0.031250	-0.281250
189	0.093750	-0.250000
190	0.093750	-0.250000
191	0.125000	-0.250000
192	0.125000	-0.281250
193	0.093750	-0.250000
194	0.125000	-0.250000
195	0.125000	-0.250000
196	0.062500	-0.250000
197	0.062500	-0.312500
198	0.093750	-0.250000
199	0.093750	-0.281250
200	0.093750	-0.250000
201	0.093750	-0.156250
202	0.125000	-0.312500
203	0.093750	-0.343750
204	0.093750	-0.281250
205	0.093750	-0.250000
206	0.093750	-0.250000
207	0.093750	-0.250000
208	0.062500	-0.281250
209	0.156250	-0.281250
210	0.062500	-0.156250
211	0.156250	-0.250000
212	0.125000	-0.250000
213	0.093750	-0.218750
214	0.125000	-0.218750
215	0.093750	-0.218750
216	0.093750	-0.250000
217	0.218750	-0.187500
218	0.125000	-0.250000
219	0.156250	-0.250000
220	0.125000	-0.250000
221	0.125000	-0.218750
222	0.125000	-0.312500
223	0.062500	-0.125000
224	0.125000	-0.281250
225	0.093750	-0.281250
226	0.187500	-0.187500
227	0.093750	-0.218750
228	0.125000	-0.218750
229	0.125000	-0.218750
230	0.093750	-0.218750
231	0.125000	-0.250000
232	0.125000	-0.250000
233	0.062500	-0.250000
234	0.093750	-0.156250
235	0.093750	-0.187500
236	0.062500	-0.250000
237	0.125000	-0.281250
238	0.125000	-0.218750
239	0.125000	-0.218750
240	0.093750	-0.218750
241	0.125000	-0.187500
242	0.125000	-0.218750
243	0.125000	-0.187500
244	0.125000	-0.218750
245	0.093750	-0.218750
246	0.125000	-0.250000
247	0.156250	-0.187500
248	0.062500	-0.187500
249	0.093750	-0.187500
250	0.125000	-0.187500
251	0.125000	-0.218750
252	0.125000	-0.187500
253	0.125000	-0.218750
254	0.125000	-0.187500
255	0.125000	-0.156250
256	0.125000	-0.156250
257	0.062500	-0.156250
258	0.156250	-0.187500
259	0.156250	-0.156250
260	0.125000	-0.156250
261	0.125000	-0.156250
262	0.062500	-0.156250
263	0.156250	-0.125000
264	0.125000	-0.156250
265	0.093750	-0.156250
266	0.125000	-0.156250
267	0.125000	-0.156250
268	0.125000	-0.156250
269	0.125000	-0.156250
270	0.156250	-0.156250
271	0.093750	-0.156250
272	0.125000	-0.187500
273	0.125000	-0.125000
274	0.156250	-0.218750
275	0.125000	-0.187500
276	0.093750	-0.125000
277	0.156250	-0.187500
278	0.125000	-0.125000
279	0.125000	-0.156250
280	0.125000	-0.156250
281	0.125000	-0.156250
282	0.125000	-0.156250
283	0.125000	-0.187500
284	0.125000	-0.156250
285	0.125000	-0.156250
286	0.125000	-0.125000
287	0.093750	-0.156250
288	0.156250	-0.156250
289	0.156250	-0.125000
290	0.156250	-0.156250
291	0.125000	-0.156250
292	0.125000	-0.156250
293	0.125000	-0.156250
294	0.093750	-0.156250
295	0.125000	-0.187500
296	0.125000	-0.156250
297	0.125000	-0.156250
298	0.125000	-0.156250
299	0.125000	-0.156250
300	0.093750	-0.156250
301	0.093750	-0.187500
302	0.125000	-0.187500
303	0.156250	-0.187500
304	0.156250	-0.156250
305	0.125000	-0.187500
306	0.093750	-0.156250
307	0.156250	-0.156250
308	0.125000	-0.156250
309	0.125000	-0.156250
310	0.125000	-0.156250
311	0.125000	-0.093750
312	0.125000	-0.125000
313	0.156250	-0.125000
314	0.093750	-0.125000
315	0.125000	-0.125000
316	0.125000	-0.156250
317	0.125000	-0.156250
318	0.125000	-0.125000
319	0.125000	-0.156250
320	0.125000	-0.093750
321	0.156250	-0.125000
322	0.093750	-0.125000
323	0.093750	-0.156250
324	0.125000	-0.156250
325	0.156250	-0.125000
326	0.125000	-0.093750
327	0.156250	-0.125000
328	0.125000	-0.156250
329	0.125000	-0.093750
330	0.156250	-0.093750
331	0.156250	-0.156250
332	0.125000	-0.156250
333	0.125000	-0.156250
334	0.156250	-0.125000
335	0.125000	-0.093750
336	0.125000	-0.125000
337	0.125000	-0.125000
338	0.125000	-0.125000
339	0.156250	-0.125000
340	0.125000	-0.187500
341	0.125000	-0.156250
342	0.031250	-0.062500
343	0.156250	-0.093750
344	0.187500	-0.093750
345	0.125000	-0.125000
346	0.125000	-0.125000
347	0.125000	-0.125000
348	0.125000	-0.125000
349	0.125000	-0.125000
350	0.156250	-0.062500
351	0.093750	-0.093750
352	0.125000	-0.093750
353	0.125000	-0.093750
354	0.125000	-0.125000
355	0.156250	-0.093750
356	0.062500	-0.093750
357	0.125000	-0.125000
358	0.125000	-0.125000
359	0.125000	-0.093750
360	0.125000	-0.093750
361	0.125000	-0.062500
362	0.125000	-0.093750
363	0.093750	-0.125000
364	0.125000	-0.156250
365	0.156250	-0.125000
366	0.125000	-0.093750
367	0.125000	-0.125000
368	0.125000	-0.093750
369	0.125000	-0.093750
370	0.125000	-0.093750
371	0.156250	-0.062500
372	0.125000	-0.062500
373	0.125000	-0.093750
374	0.125000	-0.093750
375	0.125000	-0.125000
376	0.093750	-0.125000
377	0.125000	-0.062500
378	0.125000	-0.062500
379	0.125000	-0.093750
380	0.125000	-0.031250
381	0.125000	-0.093750
382	0.125000	-0.093750
383	0.125000	-0.062500
384	0.062500	-0.062500
385	0.125000	-0.093750
386	0.093750	-0.093750
387	0.093750	-0.093750
388	0.156250	-0.093750
389	0.125000	-0.093750
390	0.062500	-0.093750
391	0.125000	-0.093750
392	0.093750	-0.093750
393	0.093750	-0.093750
394	0.062500	-0.093750
395	0.125000	-0.062500
396	0.093750	-0.125000
397	0.125000	-0.125000
398	0.125000	-0.062500
399	0.125000	-0.093750
400	0.125000	-0.093750
401	0.156250	-0.093750
402	0.156250	-0.093750
403	0.125000	-0.093750
404	0.125000	-0.093750
405	0.125000	-0.093750
406	0.125000	-0.093750
407	0.125000	-0.093750
408	0.125000	-0.125000
409	0.125000	-0.031250
410	0.125000	-0.062500
411	0.125000	-0.062500
412	0.156250	-0.062500
413	0.125000	-0.062500
414	0.156250	-0.093750
415	0.125000	-0.062500
416	0.125000	-0.062500
417	0.125000	-0.093750
418	0.125000	-0.093750
419	0.125000	-0.093750
420	0.125000	-0.093750
421	0.125000	-0.093750
422	0.125000	-0.093750
423	0.093750	-0.062500
424	0.125000	-0.093750
425	0.125000	-0.062500
426	0.125000	-0.062500
427	0.125000	-0.062500
428	0.125000	-0.093750
429	0.125000	-0.093750
430	0.156250	-0.093750
431	0.156250	-0.062500
432	0.156250	-0.093750
433	0.125000	-0.062500
434	0.125000	-0.062500
435	0.156250	-0.062500
436	0.125000	-0.062500
437	0.093750	-0.062500
438	0.156250	-0.062500
439	0.125000	-0.062500
440	0.125000	-0.093750
441	0.125000	-0.062500
442	0.125000	-0.031250
443	0.093750	-0.062500
444	0.156250	-0.093750
445	0.156250	-0.062500
446	0.125000	-0.062500
447	0.156250	-0.031250
448	0.125000	-0.031250
449	0.125000	-0.031250
450	0.125000	-0.062500
451	0.125000	-0.062500
452	0.093750	-0.062500
453	0.093750	-0.093750
454	0.125000	-0.062500
455	0.125000	-0.062500
456	0.125000	-0.062500
457	0.125000	-0.062500
458	0.187500	-0.031250
459	0.156250	-0.062500
460	0.093750	-0.062500
461	0.156250	-0.031250
462	0.125000	-0.062500
463	0.125000	-0.062500
464	0.125000	-0.062500
465	0.125000	-0.062500
466	0.125000	-0.093750
467	0.125000	-0.031250
468	0.125000	-0.062500
469	0.125000	-0.031250
470	0.156250	-0.031250
471	0.125000	-0.031250
472	0.125000	-0.031250
473	0.156250	-0.062500
474	0.125000	-0.062500
475	0.125000	-0.031250
476	0.125000	-0.062500
477	0.125000	-0.031250
478	0.125000	-0.062500
479	0.156250	-0.062500
480	0.156250	-0.031250
481	0.125000	-0.062500
482	0.125000	-0.062500
483	0.156250	-0.031250
484	0.125000	-0.062500
485	0.125000	-0.062500
486	0.125000	-0.031250
487	0.156250	-0.031250
488	0.125000	-0.062500
489	0.125000	-0.031250
490	0.156250	0.000000
491	0.093750	-0.062500
492	0.125000	-0.031250
493	0.125000	-0.062500
494	0.125000	0.000000
495	0.125000	-0.062500
496	0.093750	-0.062500
497	0.156250	0.000000
498	0.125000	0.000000
499	0.156250	0.000000
500	0.125000	0.000000
501	0.093750	-0.062500
502	0.125000	-0.031250
503	0.156250	-0.031250
504	0.125000	-0.062500
505	0.125000	-0.031250
506	0.125000	0.000000
507	0.125000	-0.031250
508	0.156250	0.000000
509	0.125000	-0.031250
510	0.125000	-0.031250
511	0.125000	-0.031250
512	0.156250	0.000000
513	0.125000	0.000000
514	0.125000	0.000000
515	0.125000	0.000000
516	0.125000	0.000000
517	0.125000	0.000000
518	0.125000	0.000000
519	0.125000	0.000000
520	0.125000	0.000000
521	0.125000	0.000000
522	0.125000	0.000000
523	0.125000	0.000000
524	0.125000	0.000000
525	0.125000	0.000000
526	0.125000	0.000000
527	0.125000	0.000000
528	0.125000	0.000000
529	0.125000	0.000000
530	0.093750	0.000000
531	0.125000	0.000000
532	0.125000	0.000000
533	0.125000	0.000000
534	0.125000	0.000000
535	0.125000	0.000000
536	0.125000	0.000000
537	0.125000	0.000000
538	0.125000	0.000000
539	0.125000	0.000000
540	0.125000	0.000000
541	0.125000	0.000000
542	0.125000	0.000000
543	0.125000	0.000000
544	0.125000	0.000000
545	0.125000	0.000000
546	0.125000	0.000000
547	0.125000	0.000000
548	0.125000	0.000000
549	0.125000	0.000000
550	0.125000	0.000000
551	0.125000	0.000000
552	0.125000	0.000000
553	0.125000	0.000000
554	0.125000	0.000000
555	0.125000	0.000000
556	0.125000	0.000000
557	0.125000	0.000000
558	0.125000	0.000000
559	0.125000	0.000000
560	0.093750	0.000000
561	0.125000	0.000000
562	0.125000	0.000000
563	0.125000	0.000000
564	0.125000	0.000000
565	0.125000	0.000000
566	0.125000	0.000000
567	0.156250	0.000000
568	0.125000	0.000000
569	0.125000	0.000000
570	0.125000	0.000000
571	0.125000	0.000000
572	0.125000	0.000000
573	0.125000	0.000000
574	0.093750	0.000000
575	0.093750	0.000000
576	0.125000	0.000000
577	0.125000	0.000000
578	0.125000	0.000000
579	0.125000	0.000000
580	0.125000	0.000000
581	0.125000	0.000000
582	0.156250	0.031250
583	0.093750	0.000000
584	0.125000	0.000000
585	0.125000	0.000000
586	0.125000	0.000000
587	0.125000	0.000000
588	0.125000	0.000000
589	0.125000	0.000000
590	0.125000	0.000000
591	0.156250	0.000000
592	0.125000	0.000000
593	0.125000	0.000000
594	0.125000	0.000000
595	0.156250	0.000000
596	0.125000	0.000000
597	0.093750	0.031250
598	0.125000	0.031250
599	0.125000	0.000000
600	0.125000	0.000000
601	0.125000	0.031250
602	0.093750	0.031250
603	0.093750	0.031250
604	0.125000	0.000000
605	0.125000	0.031250
606	0.125000	0.000000
607	0.125000	0.031250
608	0.093750	0.000000
609	0.125000	0.031250
610	0.125000	0.000000
611	0.125000	0.000000
612	0.125000	0.000000
613	0.125000	0.031250
614	0.125000	0.000000
615	0.125000	0.031250
616	0.125000	0.000000
617	0.125000	0.000000
618	0.125000	0.031250
619	0.125000	0.000000
620	0.125000	0.031250
621	0.125000	0.000000
622	0.125000	0.031250
623	0.125000	0.031250
624	0.125000	0.031250
625	0.125000	0.031250
626	0.125000	0.031250
627	0.125000	0.031250
628	0.156250	0.000000
629	0.125000	0.031250
630	0.125000	0.062500
631	0.125000	0.000000
632	0.062500	0.000000
633	0.093750	0.062500
634	0.125000	0.031250
635	0.125000	0.031250
636	0.093750	0.031250
637	0.125000	0.031250
638	0.125000	0.031250
639	0.093750	0.031250
640	0.125000	0.031250
641	0.125000	0.031250
642	0.062500	0.031250
643	0.156250	0.000000
644	0.125000	0.031250
645	0.125000	0.031250
646	0.125000	0.000000
647	0.125000	0.031250
648	0.125000	0.031250
649	0.125000	0.031250
650	0.062500	0.062500
651	0.125000	0.062500
652	0.093750	0.031250
653	0.125000	0.031250
654	0.093750	0.031250
655	0.125000	0.031250
656	0.125000	0.062500
657	0.125000	0.031250
658	0.125000	0.031250
659	0.125000	0.062500
660	0.125000	0.062500
661	0.125000	0.031250
662	0.093750	0.062500
663	0.093750	0.062500
664	0.093750	0.031250
665	0.125000	0.031250
666	0.125000	0.031250
667	0.125000	0.031250
668	0.125000	0.031250
669	0.125000	0.062500
670	0.062500	0.000000
671	0.156250	0.062500
672	0.125000	0.062500
673	0.156250	0.031250
674	0.125000	0.031250
675	0.093750	0.031250
676	0.125000	0.031250
677	0.093750	0.093750
678	0.093750	0.031250
679	0.125000	0.062500
680	0.125000	0.062500
681	0.125000	0.062500
682	0.156250	0.031250
683	0.125000	0.062500
684	0.031250	0.031250
685	0.125000	0.093750
686	0.093750	0.093750
687	0.156250	0.062500
688	0.125000	0.031250
689	0.093750	0.062500
690	0.093750	0.062500
691	0.125000	0.031250
692	0.156250	0.062500
693	0.125000	0.093750
694	0.156250	0.062500
695	0.156250	0.093750
696	0.125000	0.031250
697	0.125000	0.062500
698	0.093750	0.093750
699	0.156250	0.062500
700	0.125000	0.062500
701	0.156250	0.062500
702	0.093750	0.093750
703	0.125000	0.093750
704	0.093750	0.062500
705	0.156250	0.062500
706	0.125000	0.000000
707	0.125000	0.093750
708	0.125000	0.062500
709	0.125000	0.062500
710	0.093750	0.093750
711	0.125000	0.062500
712	0.093750	0.031250
713	0.125000	0.062500
714	0.156250	0.093750
715	0.125000	0.031250
716	0.125000	0.093750
717	0.125000	0.093750
718	0.093750	0.093750
719	0.125000	0.093750
720	0.093750	0.093750
721	0.125000	0.093750
722	0.125000	0.062500
723	0.156250	0.125000
724	0.093750	0.125000
725	0.093750	0.125000
726	0.093750	0.093750
727	0.093750	0.093750
728	0.125000	0.093750
729	0.125000	0.093750
730	0.125000	0.093750
731	0.125000	0.093750
732	0.093750	0.062500
733	0.093750	0.093750
734	0.093750	0.062500
735	0.125000	0.093750
736	0.125000	0.093750
737	0.125000	0.062500
738	0.125000	0.093750
739	0.125000	0.125000
740	0.125000	0.062500
741	0.125000	0.062500
742	0.125000	0.093750
743	0.125000	0.062500
744	0.125000	0.062500
745	0.093750	0.093750
746	0.125000	0.125000
747	0.093750	0.093750
748	0.125000	0.062500
749	0.156250	0.093750
750	0.093750	0.031250
751	0.125000	0.093750
752	0.125000	0.156250
753	0.125000	0.062500
754	0.125000	0.125000
755	0.125000	0.093750
756	0.156250	0.093750
757	0.093750	0.062500
758	0.125000	0.062500
759	0.125000	0.093750
760	0.093750	0.093750
761	0.093750	0.093750
762	0.125000	0.093750
763	0.156250	0.031250
764	0.093750	0.093750
765	0.125000	0.062500
766	0.125000	0.093750
767	0.156250	0.125000
768	0.156250	0.125000
769	0.031250	0.093750
770	0.125000	0.062500
771	0.093750	0.125000
772	0.093750	0.125000
773	0.093750	0.125000
774	0.093750	0.125000
775	0.093750	0.093750
776	0.093750	0.093750
777	0.093750	0.125000
778	0.062500	0.125000
779	0.156250	0.093750
780	0.125000	0.156250
781	0.093750	0.125000
782	0.093750	0.125000
783	0.093750	0.125000
784	0.125000	0.125000
785	0.093750	0.125000
786	0.093750	0.125000
787	0.093750	0.125000
788	0.125000	0.125000
789	0.093750	0.156250
790	0.062500	0.156250
791	0.093750	0.093750
792	0.093750	0.093750
793	0.093750	0.156250
794	0.093750	0.125000
795	0.093750	0.125000
796	0.093750	0.125000
797	0.093750	0.125000
798	0.093750	0.125000
799	0.062500	0.156250
800	0.187500	0.125000
801	0.093750	0.187500
802	0.125000	0.187500
803	0.031250	0.062500
804	0.125000	0.187500
805	0.125000	0.125000
806	0.093750	0.125000
807	0.125000	0.156250
808	0.093750	0.156250
809	0.187500	0.093750
810	0.093750	0.156250
811	0.093750	0.125000
812	0.093750	0.125000
813	0.093750	0.156250
814	0.125000	0.156250
815	0.125000	0.156250
816	0.062500	0.062500
817	0.156250	0.156250
818	0.031250	0.187500
819	0.093750	0.156250
820	0.093750	0.156250
821	0.062500	0.156250
822	0.093750	0.187500
823	0.062500	0.218750
824	0.093750	0.281250
825	0.093750	0.062500
826	0.062500	0.156250
827	0.093750	0.187500
828	0.093750	0.187500
829	0.062500	0.187500
830	0.031250	0.187500
831	0.093750	0.156250
832	0.093750	0.156250
833	0.093750	0.156250
834	0.093750	0.187500
835	0.093750	0.156250
836	0.093750	0.156250
837	0.093750	0.156250
838	-0.031250	0.218750
839	0.031250	0.125000
840	0.093750	0.125000
841	-0.062500	0.093750
842	0.093750	0.250000
843	0.062500	0.187500
844	0.062500	0.218750
845	0.031250	0.218750
846	0.062500	0.218750
847	0.125000	0.218750
848	0.125000	0.218750
849	0.093750	0.218750
850	0.093750	0.218750
851	0.218750	0.312500
852	0.062500	0.187500
853	0.062500	0.218750
854	0.093750	0.218750
855	0.093750	0.218750
856	0.125000	0.218750
857	0.093750	0.218750
858	0.062500	0.250000
859	0.093750	0.250000
860	0.093750	0.218750
861	0.093750	0.250000
862	0.093750	0.250000
863	0.125000	0.218750
864	0.093750	0.156250
865	0.000000	0.156250
866	-0.031250	0.218750
867	0.000000	0.281250
868	-0.062500	0.218750
869	0.031250	0.062500
870	0.156250	0.218750
871	0.093750	0.250000
872	0.062500	0.218750
873	0.031250	0.218750
874	0.031250	0.218750
875	0.000000	0.125000
876	0.125000	0.312500
877	-0.625000	0.312500
878	0.656250	0.468750
879	0.031250	0.250000
880	0.156250	0.156250
881	0.218750	0.375000
882	0.187500	0.375000
883	0.125000	0.343750
884	0.125000	0.343750
885	0.156250	0.343750
886	0.156250	0.343750
887	0.125000	0.343750
888	0.125000	0.343750
889	0.125000	0.375000
890	0.125000	-0.062500
891	-0.062500	0.656250
892	0.062500	0.437500
893	0.062500	0.406250
894	0.031250	0.406250
895	0.062500	0.437500
896	0.250000	0.750000
897	-0.093750	0.031250
898	0.000000	0.562500
899	-0.187500	0.468750
900	-0.500000	0.468750
901	0.406250	1.375000
902	0.343750	0.031250
903	0.000000	0.312500
904	-0.062500	0.125000
905	0.531250	0.562500
906	0.156250	0.843750
907	0.000000	0.187500
908	0.156250	0.187500
909	0.125000	0.250000
910	0.156250	0.281250
911	0.468750	0.406250
912	-0.093750	0.906250
913	-0.468750	0.343750
914	-0.156250	0.062500
915	-0.875000	0.187500
916	0.500000	1.437500
917	0.375000	0.281250
918	0.156250	0.718750
919	0.437500	0.812500
920	0.218750	0.468750
921	0.156250	-0.031250
922	0.375000	-0.031250
923	0.437500	-0.250000
924	-1.343750	-1.906250
925	-0.031250	-2.500000
926	-0.562500	0.875000
927	-0.250000	-1.000000
928	0.875000	-0.125000
929	-1.375000	1.750000
930	0.906250	1.187500
931	-0.093750	1.343750
932	0.500000	1.250000
933	0.531250	0.593750
934	0.531250	0.500000
935	-1.625000	-0.031250
936	2.062500	4.687500
937	-0.312500	0.812500
938	0.218750	-0.187500
939	4.656250	-0.437500
940	4.312500	0.312500
941	6.593750	3.281250
942	-1.937500	1.562500
943	-0.781250	1.937500
944	-0.281250	1.812500
945	0.000000	2.218750
946	1.687500	2.000000
947	-1.031250	5.937500
948	3.031250	1.687500
949	0.312500	1.031250
950	-5.625000	1.531250
951	-0.750000	1.187500
952	-3.625000	3.031250
953	2.906250	-1.656250
954	1.187500	-1.406250
955	4.031250	0.062500
956	-1.687500	0.687500
957	-0.906250	0.656250
958	1.468750	3.812500
959	-0.968750	-6.906250
960	-1.843750	-3.937500
961	5.031250	-0.187500
962	3.812500	0.718750
963	-9.687500	-3.781250
964	4.375000	4.906250
965	2.031250	2.781250
966	4.531250	-11.468750
967	11.750000	21.750000
968	5.156250	10.750000
969	21.343750	10.875000
970	-15.656250	-8.843750
971	-5.187500	1.375000
972	0.218750	1.468750
973	-4.437500	-0.031250
974	-4.281250	0.125000
975	0.375000	4.093750
976	1.750000	2.281250
977	-0.375000	2.875000
978	0.687500	3.281250
979	-15.687500	-17.312500
980	-1.250000	5.968750
981	-2.312500	-13.562500
982	-6.562500	-5.125000
983	2.437500	-4.500000
984	-6.000000	0.000000
985	-3.531250	0.437500
986	-1.656250	18.781250
987	0.937500	-3.687500
988	5.531250	13.500000
989	1.406250	-3.500000
990	0.343750	1.937500
991	-0.968750	4.093750
992	-25.937500	-27.812500
993	0.062500	0.875000
994	2.218750	5.093750
995	-0.812500	-3.968750
996	-2.968750	15.125000
997	0.781250	2.781250
998	-2.000000	-2.031250
999	-4.531250	12.531250
1000	-31.593750	49.375000
1001	2.781250	-5.437500
1002	-5.125000	-1.375000
1003	22.156250	38.781250
1004	-8.250000	15.406250
1005	-15.562500	31.062500
1006	7.750000	-4.250000
1007	22.000000	10.562500
1008	51.187500	42.156250
1009	-33.312500	-43.218750
1010	-10.312500	-18.187500
1011	-25.718750	-4.281250
1012	-20.781250	-27.906250
1013	13.250000	2.750000
1014	-128.031250	33.187500
1015	-33.750000	27.093750
1016	1.687500	11.406250
1017	19.406250	-30.718750
1018	41.906250	-18.562500
1019	-9.187500	1.531250
1020	-10.937500	-4.875000
1021	-7.500000	15.312500
1022	48.375000	5.656250
1023	-6.000000	-3.312500
