0	ff04	ffc2	-252	-62
1	ff19	0000	-231	0
2	0004	0000	4	0
3	0002	fffb	2	-5
4	0001	0003	1	3
5	fffd	fffc	-3	-4
6	0004	0001	4	1
7	0004	fffd	4	-3
8	fffd	0001	-3	1
9	00a2	0004	162	4
10	0004	0000	4	0
11	0005	fffc	5	-4
12	0003	0005	3	5
13	0003	fff8	3	-8
14	0005	0002	5	2
15	0004	ffff	4	-1
16	00a1	fffa	161	-6
17	0002	ffdf	2	-33
18	0004	0000	4	0
19	0005	fffc	5	-4
20	0003	0006	3	6
21	0000	fff8	0	-8
22	0005	0001	5	1
23	0004	fffd	4	-3
24	ffd4	0038	-44	56
25	ffd3	ffc4	-45	-60
26	0004	0001	4	1
27	0004	fffd	4	-3
28	0000	0005	0	5
29	0003	fff7	3	-9
30	0004	0002	4	2
31	0004	fffe	4	-2
32	0002	001c	2	28
33	fbd4	0565	-1068	1381
34	0004	0000	4	0
35	0004	fffc	4	-4
36	0003	0004	3	4
37	0007	fff2	7	-14
38	0004	0001	4	1
39	0005	fffd	5	-3
40	fff1	000b	-15	11
41	ffff	ffb6	-1	-74
42	0004	0000	4	0
43	0004	fffc	4	-4
44	0003	0007	3	7
45	0005	fff7	5	-9
46	0004	0003	4	3
47	0004	fffe	4	-2
48	fff4	005c	-12	92
49	fff3	ffa0	-13	-96
50	0004	0000	4	0
51	0004	fffa	4	-6
52	0005	0005	5	5
53	0004	fff6	4	-10
54	0003	0002	3	2
55	0004	fffe	4	-2
56	0000	0047	0	71
57	fff0	fff1	-16	-15
58	0004	0001	4	1
59	0004	fffd	4	-3
60	0007	000c	7	12
61	0004	fffa	4	-6
62	0004	0002	4	2
63	0005	0000	5	0
64	fbd6	fa99	-1066	-1383
65	026d	03d3	621	979
66	0004	0000	4	0
67	0003	fffb	3	-5
68	0003	0004	3	4
69	0004	fff1	4	-15
70	0004	0001	4	1
71	0003	fffd	3	-3
72	0011	0012	17	18
73	005d	0033	93	51
74	0004	0000	4	0
75	0004	fffd	4	-3
76	fffe	0003	-2	3
77	0003	fffb	3	-5
78	0004	0002	4	2
79	0004	fffe	4	-2
80	02ab	015c	683	348
81	ff8d	ffee	-115	-18
82	0004	0000	4	0
83	0004	fffb	4	-5
84	0006	0003	6	3
85	0003	fff6	3	-10
86	0004	0002	4	2
87	0004	fffe	4	-2
88	fff6	001a	-10	26
89	0005	ffff	5	-1
90	0004	0000	4	0
91	0004	fffe	4	-2
92	0001	0007	1	7
93	0002	fff8	2	-8
94	0003	0003	3	3
95	0004	ffff	4	-1
96	0059	ff52	89	-174
97	0059	00ab	89	171
98	0004	0000	4	0
99	0004	fffb	4	-5
100	0003	0005	3	5
101	0002	fff7	2	-9
102	0004	0001	4	1
103	0004	ffff	4	-1
104	0005	ffff	5	-1
105	fff5	ffe3	-11	-29
106	0004	0001	4	1
107	0004	fffc	4	-4
108	0003	0007	3	7
109	0007	fffa	7	-6
110	0004	0003	4	3
111	0005	fffe	5	-2
112	ff8f	000e	-113	14
113	02ab	fea0	683	-352
114	0004	0000	4	0
115	0005	fffc	5	-4
116	0003	0002	3	2
117	fffe	fffb	-2	-5
118	0004	0002	4	2
119	0004	fffe	4	-2
120	005d	ffcb	93	-53
121	0011	ffeb	17	-21
122	0003	0002	3	2
123	0004	fffe	4	-2
124	0004	000c	4	12
125	0003	fffa	3	-6
126	0003	0003	3	3
127	0004	ffff	4	-1
128	026d	fc29	621	-983
129	ff0d	fe11	-243	-495
130	0004	0000	4	0
131	0004	fffb	4	-5
132	0003	0004	3	4
133	0004	fff0	4	-16
134	0004	0001	4	1
135	0004	fffd	4	-3
136	000d	002c	13	44
137	ffe2	ffe7	-30	-25
138	0004	0000	4	0
139	0005	fffc	5	-4
140	0003	0005	3	5
141	0002	fff6	2	-10
142	0004	0002	4	2
143	0003	fffd	3	-3
144	0041	0059	65	89
145	002d	006e	45	110
146	0004	0000	4	0
147	0004	fffb	4	-5
148	0004	0004	4	4
149	0003	fff6	3	-10
150	0003	0003	3	3
151	0004	fffd	4	-3
152	0011	0013	17	19
153	fffe	004e	-2	78
154	0004	0001	4	1
155	0004	fffc	4	-4
156	0001	0002	1	2
157	0004	fff9	4	-7
158	0004	0002	4	2
159	0004	fffe	4	-2
160	0019	0059	25	89
161	fe0c	fc19	-500	-999
162	0004	0000	4	0
163	0005	fffa	5	-6
164	0003	0005	3	5
165	ffeb	fff2	-21	-14
166	0004	0001	4	1
167	0004	fffd	4	-3
168	000c	0009	12	9
169	00d3	ff94	211	-108
170	0003	0001	3	1
171	0004	fffb	4	-5
172	0002	0007	2	7
173	0003	fff9	3	-7
174	0003	0004	3	4
175	0004	ffff	4	-1
176	ffb6	fe4e	-74	-434
177	ff70	ffff	-144	-1
178	0004	0000	4	0
179	0004	fffb	4	-5
180	0002	0005	2	5
181	0001	fff6	1	-10
182	0004	0003	4	3
183	0003	fffe	3	-2
184	000a	0021	10	33
185	0004	fff5	4	-11
186	0004	0001	4	1
187	0004	fffd	4	-3
188	0005	000b	5	11
189	0003	fff9	3	-7
190	0003	0002	3	2
191	0003	fffe	3	-2
192	01a8	0058	424	88
193	01a8	ffa3	424	-93
194	0004	0000	4	0
195	0004	fffb	4	-5
196	0003	0004	3	4
197	0006	fff2	6	-14
198	0004	0001	4	1
199	0004	fffc	4	-4
200	0004	0008	4	8
201	000c	ffdb	12	-37
202	0004	0000	4	0
203	0004	fffb	4	-5
204	0001	0007	1	7
205	0003	fff8	3	-8
206	0004	0003	4	3
207	0005	ffff	5	-1
208	ff72	ffff	-142	-1
209	ffb5	01af	-75	431
210	0004	0000	4	0
211	0003	fffa	3	-6
212	0003	0005	3	5
213	0003	fff7	3	-9
214	0004	0003	4	3
215	0004	fffd	4	-3
216	00d3	0069	211	105
217	000c	fff3	12	-13
218	0004	0000	4	0
219	0005	fffc	5	-4
220	ffec	000a	-20	10
221	0004	fff7	4	-9
222	0005	0003	5	3
223	0004	fffe	4	-2
224	fe0e	03e2	-498	994
225	0019	ffa2	25	-94
226	0004	0000	4	0
227	0004	fffb	4	-5
228	0003	0004	3	4
229	0001	fffb	1	-5
230	0004	0002	4	2
231	0004	fffe	4	-2
232	ffff	ffb0	-1	-80
233	0012	ffea	18	-22
234	0004	0001	4	1
235	0004	fffc	4	-4
236	0003	0008	3	8
237	0004	fff9	4	-7
238	0003	0003	3	3
239	0004	ffff	4	-1
240	002d	ff90	45	-112
241	0042	ffa2	66	-94
242	0004	0000	4	0
243	0004	fffb	4	-5
244	0002	0006	2	6
245	0003	fff8	3	-8
246	0005	0002	5	2
247	0005	fffe	5	-2
248	ffe3	0015	-29	21
249	000d	ffd1	13	-47
250	0004	0001	4	1
251	0004	fffd	4	-3
252	0002	000d	2	13
253	0004	fff9	4	-7
254	0004	0002	4	2
255	0004	ffff	4	-1
256	ff10	01ea	-240	490
257	ff3d	0066	-195	102
258	0004	0000	4	0
259	0005	fffb	5	-5
260	0003	0004	3	4
261	0003	ffef	3	-17
262	0005	0000	5	0
263	0003	fffd	3	-3
264	fffa	000f	-6	15
265	ffe0	00db	-32	219
266	0004	0000	4	0
267	0003	fffb	3	-5
268	0003	0005	3	5
269	0004	fff8	4	-8
270	0004	0003	4	3
271	0004	fffe	4	-2
272	feca	ff87	-310	-121
273	ffdf	ff79	-33	-135
274	0004	0000	4	0
275	0004	fffb	4	-5
276	0001	0002	1	2
277	0005	fff7	5	-9
278	0003	0001	3	1
279	0004	fffd	4	-3
280	fffd	002b	-3	43
281	fff7	001f	-9	31
282	0004	0000	4	0
283	0005	fffd	5	-3
284	0000	0009	0	9
285	0003	fff9	3	-7
286	0004	0004	4	4
287	0005	ffff	5	-1
288	ffe6	ff81	-26	-127
289	02c0	fea9	704	-343
290	0004	0000	4	0
291	0004	fffa	4	-6
292	0003	0004	3	4
293	0002	fff5	2	-11
294	0004	0002	4	2
295	0004	fffd	4	-3
296	ffe4	0006	-28	6
297	ffe6	ffbe	-26	-66
298	0005	0000	5	0
299	0005	fffc	5	-4
300	0007	000a	7	10
301	0005	fff8	5	-8
302	0005	0004	5	4
303	0004	ffff	4	-1
304	fe0a	fdd6	-502	-554
305	000c	ff79	12	-135
306	0004	0000	4	0
307	0005	fffb	5	-5
308	0003	0005	3	5
309	0005	fff6	5	-10
310	0004	0001	4	1
311	0005	fffe	5	-2
312	ffdf	00be	-33	190
313	0010	fff0	16	-16
314	0004	0001	4	1
315	0005	fffe	5	-2
316	0004	000b	4	11
317	0004	fffa	4	-6
318	0004	0003	4	3
319	0005	0000	5	0
320	fcc9	ff77	-823	-137
321	fbc5	fc98	-1083	-872
322	0004	0000	4	0
323	0004	fffb	4	-5
324	0005	0003	5	3
325	0004	fff2	4	-14
326	0004	0002	4	2
327	0004	fffe	4	-2
328	0000	0006	0	6
329	ffe7	ffd7	-25	-41
330	0004	0000	4	0
331	0005	fffb	5	-5
332	0002	0006	2	6
333	0003	fff5	3	-11
334	0004	0001	4	1
335	0005	fffe	5	-2
336	ff5a	002c	-166	44
337	004e	008d	78	141
338	0004	0000	4	0
339	0004	fffb	4	-5
340	0003	0004	3	4
341	0003	fff6	3	-10
342	0004	0002	4	2
343	0004	fffe	4	-2
344	0095	fff2	149	-14
345	000f	ffe2	15	-30
346	0004	0000	4	0
347	0003	fffc	3	-4
348	0000	0004	0	4
349	0003	fffa	3	-6
350	0003	0003	3	3
351	0003	fffe	3	-2
352	02c5	04d9	709	1241
353	ff6d	fe6a	-147	-406
354	0004	0000	4	0
355	0004	fffa	4	-6
356	0003	0004	3	4
357	0004	fff5	4	-11
358	0004	0001	4	1
359	0004	fffe	4	-2
360	000e	fff8	14	-8
361	ffcb	0000	-53	0
362	0003	0001	3	1
363	0004	fffc	4	-4
364	0003	0008	3	8
365	0005	fff8	5	-8
366	0004	0003	4	3
367	0004	ffff	4	-1
368	001e	ff8a	30	-118
369	0178	fd44	376	-700
370	0004	0000	4	0
371	0004	fffc	4	-4
372	0003	0006	3	6
373	0002	fff9	2	-7
374	0005	0002	5	2
375	0003	fffe	3	-2
376	0081	0002	129	2
377	0000	fff3	0	-13
378	0004	0001	4	1
379	0004	fffd	4	-3
380	fffe	0015	-2	21
381	0004	fff9	4	-7
382	0005	0001	5	1
383	0004	ffff	4	-1
384	feda	0031	-294	49
385	fed7	ffca	-297	-54
386	0004	0000	4	0
387	0005	fffc	5	-4
388	0003	0003	3	3
389	fffe	ffe8	-2	-24
390	0004	0001	4	1
391	0004	fffd	4	-3
392	0000	000a	0	10
393	0081	fffb	129	-5
394	0003	0000	3	0
395	0005	fffc	5	-4
396	0001	0004	1	4
397	0003	fff7	3	-9
398	0004	0002	4	2
399	0004	fffe	4	-2
400	0178	02b8	376	696
401	001e	0074	30	116
402	0004	0000	4	0
403	0004	fffa	4	-6
404	0004	0005	4	5
405	0004	fff6	4	-10
406	0004	0002	4	2
407	0003	fffe	3	-2
408	ffcc	ffff	-52	-1
409	000e	0007	14	7
410	0004	0001	4	1
411	0004	fffd	4	-3
412	0003	0008	3	8
413	0004	fff8	4	-8
414	0004	0002	4	2
415	0005	ffff	5	-1
416	ff6f	0191	-145	401
417	02c4	fb23	708	-1245
418	0004	0000	4	0
419	0004	fffb	4	-5
420	0003	0003	3	3
421	0001	fff9	1	-7
422	0003	0002	3	2
423	0004	fffd	4	-3
424	000e	001a	14	26
425	0095	000c	149	12
426	0004	0000	4	0
427	0005	fffd	5	-3
428	0003	0007	3	7
429	0003	fff9	3	-7
430	0003	0003	3	3
431	0004	ffff	4	-1
432	004e	ff70	78	-144
433	ff58	ffcf	-168	-49
434	0005	0000	5	0
435	0004	fffd	4	-3
436	0002	0007	2	7
437	0003	fff7	3	-9
438	0005	0003	5	3
439	0004	fffe	4	-2
440	ffe8	0026	-24	38
441	0001	fff6	1	-10
442	0004	0000	4	0
443	0004	fffc	4	-4
444	0004	000b	4	11
445	0005	fffa	5	-6
446	0004	0003	4	3
447	0005	ffff	5	-1
448	fbc8	0363	-1080	867
449	fcc7	0086	-825	134
450	0004	0000	4	0
451	0003	fffb	3	-5
452	0003	0004	3	4
453	0004	fff3	4	-13
454	0004	0001	4	1
455	0004	fffd	4	-3
456	000f	000d	15	13
457	ffde	ff3e	-34	-194
458	0005	0000	5	0
459	0004	fffd	4	-3
460	0004	0007	4	7
461	0003	fff8	3	-8
462	0004	0003	4	3
463	0004	fffe	4	-2
464	000c	0083	12	131
465	fe09	0227	-503	551
466	0004	0000	4	0
467	0005	fffa	5	-6
468	0004	0005	4	5
469	0007	fff3	7	-13
470	0005	0002	5	2
471	0005	fffe	5	-2
472	ffe7	003e	-25	62
473	ffe2	fff7	-30	-9
474	0004	0001	4	1
475	0004	fffc	4	-4
476	0001	0008	1	8
477	0004	fff9	4	-7
478	0004	0003	4	3
479	0004	fffe	4	-2
480	02c0	0152	704	338
481	ffe4	007c	-28	124
482	0004	0000	4	0
483	0003	fffb	3	-5
484	0002	0005	2	5
485	0001	fff5	1	-11
486	0005	0002	5	2
487	0004	fffe	4	-2
488	fff8	ffe0	-8	-32
489	fffc	ffd2	-4	-46
490	0004	0001	4	1
491	0003	fffd	3	-3
492	0004	0007	4	7
493	0002	fffc	2	-4
494	0004	0003	4	3
495	0005	fffe	5	-2
496	ffe1	0083	-31	131
497	fec8	0077	-312	119
498	0003	0000	3	0
499	0004	fffb	4	-5
500	0003	0005	3	5
501	0004	fff8	4	-8
502	0004	0003	4	3
503	0005	ffff	5	-1
504	ffe1	ff23	-31	-221
505	fff9	ffed	-7	-19
506	0003	0001	3	1
507	0004	fffe	4	-2
508	0002	000e	2	14
509	0004	fffb	4	-5
510	0005	0004	5	4
511	0004	ffff	4	-1
512	ff40	ff96	-192	-106
513	ff00	0039	-256	57
514	0004	0000	4	0
515	0005	fffa	5	-6
516	0004	0002	4	2
517	0008	ffe5	8	-27
518	0002	0001	2	1
519	0003	fffd	3	-3
520	0000	0012	0	18
521	ffc4	007c	-60	124
522	0004	0000	4	0
523	0003	fffc	3	-4
524	0003	0006	3	6
525	0004	fff8	4	-8
526	0004	0000	4	0
527	0004	fffe	4	-2
528	007a	0017	122	23
529	fcc1	0377	-831	887
530	0004	0000	4	0
531	0005	fffb	5	-5
532	0004	0006	4	6
533	0004	fff8	4	-8
534	0004	0001	4	1
535	0004	fffd	4	-3
536	001d	0026	29	38
537	001c	0002	28	2
538	0004	0000	4	0
539	0004	fffc	4	-4
540	ffff	0007	-1	7
541	0006	fffa	6	-6
542	0004	0003	4	3
543	0004	fffe	4	-2
544	0047	00a3	71	163
545	0666	fab7	1638	-1353
546	0003	0000	3	0
547	0005	fff9	5	-7
548	0003	0004	3	4
549	0006	fff8	6	-8
550	0004	0001	4	1
551	0005	fffd	5	-3
552	fffb	0002	-5	2
553	fff5	ffc2	-11	-62
554	0004	0000	4	0
555	0004	fffc	4	-4
556	0003	0007	3	7
557	0002	fffb	2	-5
558	0004	0002	4	2
559	0004	fffd	4	-3
560	0016	0069	22	105
561	0038	ffb3	56	-77
562	0004	0000	4	0
563	0003	fffb	3	-5
564	0001	0006	1	6
565	0004	fff6	4	-10
566	0003	0002	3	2
567	0004	fffe	4	-2
568	0036	0040	54	64
569	fffc	ffe0	-4	-32
570	0004	0001	4	1
571	0004	fffd	4	-3
572	0006	000c	6	12
573	0004	fff9	4	-7
574	0004	0004	4	4
575	0004	0000	4	0
576	feb6	fdba	-330	-582
577	0035	fe8f	53	-369
578	0004	0000	4	0
579	0004	fffb	4	-5
580	0002	0004	2	4
581	0005	fff2	5	-14
582	0002	0002	2	2
583	0002	fffd	2	-3
584	0005	001b	5	27
585	ff8b	ff9b	-117	-101
586	0004	0000	4	0
587	0005	fffd	5	-3
588	0003	0008	3	8
589	0004	fff6	4	-10
590	0005	0003	5	3
591	0006	ffff	6	-1
592	fe0b	fee5	-501	-283
593	ff3e	fffd	-194	-3
594	0004	0000	4	0
595	0004	fffb	4	-5
596	0003	0005	3	5
597	0004	fff6	4	-10
598	0005	0001	5	1
599	0004	fffe	4	-2
600	0007	fffa	7	-6
601	0008	ffed	8	-19
602	0004	0001	4	1
603	0004	fffd	4	-3
604	0001	0007	1	7
605	0003	fffb	3	-5
606	0004	0004	4	4
607	0005	0000	5	0
608	ff5c	ffd4	-164	-44
609	fc0b	f9cf	-1013	-1585
610	0004	0000	4	0
611	0004	fffb	4	-5
612	0003	0004	3	4
613	0003	fff6	3	-10
614	0004	0001	4	1
615	0004	fffe	4	-2
616	000c	ffff	12	-1
617	0042	ff67	66	-153
618	0003	0001	3	1
619	0004	fffc	4	-4
620	0002	0008	2	8
621	0004	fff8	4	-8
622	0004	0003	4	3
623	0004	fffe	4	-2
624	ffcb	0259	-53	601
625	00a6	fea4	166	-348
626	0004	0000	4	0
627	0003	fffc	3	-4
628	0002	0005	2	5
629	0003	fff9	3	-7
630	0003	0003	3	3
631	0004	ffff	4	-1
632	0026	ffd3	38	-45
633	fffd	fff8	-3	-8
634	0004	0001	4	1
635	0004	fffe	4	-2
636	0004	fffe	4	-2
637	0004	fffa	4	-6
638	0004	0003	4	3
639	0004	0000	4	0
640	053d	fdae	1341	-594
641	fe9f	0099	-353	153
642	0004	0000	4	0
643	0002	fffb	2	-5
644	0003	0004	3	4
645	0002	ffef	2	-17
646	0004	0000	4	0
647	0002	fffd	2	-3
648	000b	0001	11	1
649	ffc9	ffe7	-55	-25
650	0005	0001	5	1
651	0004	fffd	4	-3
652	ffff	0007	-1	7
653	0003	fff8	3	-8
654	0003	0003	3	3
655	0004	fffe	4	-2
656	0091	fe91	145	-367
657	00b1	fe4b	177	-437
658	0004	0000	4	0
659	0003	fffb	3	-5
660	0003	0004	3	4
661	0003	fff6	3	-10
662	0003	0001	3	1
663	0004	fffd	4	-3
664	0011	0010	17	16
665	ffd4	003b	-44	59
666	0004	0000	4	0
667	0004	fffc	4	-4
668	0005	0007	5	7
669	0003	fff9	3	-7
670	0004	0003	4	3
671	0004	ffff	4	-1
672	ffc0	ffbf	-64	-65
673	fef6	fe0e	-266	-498
674	0004	0000	4	0
675	0004	fffc	4	-4
676	0002	0005	2	5
677	0004	fff2	4	-14
678	0003	0002	3	2
679	0004	fffd	4	-3
680	0005	0017	5	23
681	008a	fff3	138	-13
682	0004	0001	4	1
683	0001	fffe	1	-2
684	0003	0007	3	7
685	0004	fff9	4	-7
686	0003	0003	3	3
687	0005	ffff	5	-1
688	ff2e	ff5c	-210	-164
689	0007	ffcd	7	-51
690	0004	0000	4	0
691	0004	fffb	4	-5
692	0003	0006	3	6
693	0003	fff6	3	-10
694	0005	0002	5	2
695	0005	fffe	5	-2
696	ff4c	0031	-180	49
697	0006	fff6	6	-10
698	0004	0002	4	2
699	0004	fffd	4	-3
700	0005	000b	5	11
701	0004	fff8	4	-8
702	0004	0002	4	2
703	0004	ffff	4	-1
704	efff	0426	-4097	1062
705	fd65	037a	-667	890
706	0004	0000	4	0
707	0005	fffb	5	-5
708	0003	0004	3	4
709	0004	fff3	4	-13
710	0003	0001	3	1
711	0004	fffe	4	-2
712	0005	0009	5	9
713	0062	ffc7	98	-57
714	0004	0000	4	0
715	0005	fffc	5	-4
716	0002	0007	2	7
717	0003	fff8	3	-8
718	0003	0003	3	3
719	0004	fffe	4	-2
720	ff77	0004	-137	4
721	ffd6	ff3d	-42	-195
722	0004	0000	4	0
723	0004	fffa	4	-6
724	0004	0005	4	5
725	0002	fff7	2	-9
726	0003	0003	3	3
727	0005	fffd	5	-3
728	ffc2	0032	-62	50
729	0011	ffce	17	-50
730	0004	0001	4	1
731	0004	fffd	4	-3
732	0015	000f	21	15
733	0004	fff9	4	-7
734	0003	0001	3	1
735	0004	0000	4	0
736	00f8	ff78	248	-136
737	ff9f	fe18	-97	-488
738	0004	0000	4	0
739	0004	fffc	4	-4
740	0003	0004	3	4
741	fffe	fff6	-2	-10
742	0002	0000	2	0
743	0005	fffd	5	-3
744	ffee	001c	-18	28
745	0010	ffd4	16	-44
746	0004	0000	4	0
747	0005	fffe	5	-2
748	0003	0008	3	8
749	0004	fff6	4	-10
750	0003	0002	3	2
751	0004	fffe	4	-2
752	000b	003e	11	62
753	008c	ff5f	140	-161
754	0003	0000	3	0
755	0004	fffc	4	-4
756	0001	0006	1	6
757	0003	fff8	3	-8
758	0003	0003	3	3
759	0004	fffe	4	-2
760	002f	007a	47	122
761	ffee	ffed	-18	-19
762	0004	0001	4	1
763	0004	fffd	4	-3
764	0001	000d	1	13
765	0004	fffa	4	-6
766	0004	0003	4	3
767	0004	ffff	4	-1
768	060c	00b5	1548	181
769	060b	ff45	1547	-187
770	0004	0000	4	0
771	0004	fffb	4	-5
772	0003	0004	3	4
773	0001	fff0	1	-16
774	0004	0001	4	1
775	0005	fffd	5	-3
776	fff0	000f	-16	15
777	002f	ff83	47	-125
778	0004	0000	4	0
779	0004	fffb	4	-5
780	0003	0005	3	5
781	0002	fff8	2	-8
782	0004	0002	4	2
783	0003	fffe	3	-2
784	008c	009d	140	157
785	000b	ffbe	11	-66
786	0004	0000	4	0
787	0004	fffb	4	-5
788	0004	0006	4	6
789	0003	fff6	3	-10
790	0004	0001	4	1
791	0004	fffd	4	-3
792	0010	0028	16	40
793	ffec	ffe0	-20	-32
794	0004	0000	4	0
795	0002	fffd	2	-3
796	fffe	0007	-2	7
797	0004	fff9	4	-7
798	0004	0002	4	2
799	0004	fffe	4	-2
800	ffa1	01e4	-95	484
801	00f8	0085	248	133
802	0004	0000	4	0
803	0003	fffc	3	-4
804	0004	0004	4	4
805	0015	ffef	21	-17
806	0004	0002	4	2
807	0004	fffd	4	-3
808	0010	002e	16	46
809	ffc1	ffca	-63	-54
810	0004	0000	4	0
811	0004	fffa	4	-6
812	0002	0006	2	6
813	0004	fff8	4	-8
814	0003	0004	3	4
815	0004	fffe	4	-2
816	ffd8	00bf	-40	191
817	ff75	fff8	-139	-8
818	0004	0000	4	0
819	0004	fffb	4	-5
820	0003	0005	3	5
821	0003	fff7	3	-9
822	0005	0002	5	2
823	0004	fffe	4	-2
824	0061	0036	97	54
825	0006	fff5	6	-11
826	0005	0000	5	0
827	0004	fffe	4	-2
828	0004	000b	4	11
829	0004	fff9	4	-7
830	0005	0003	5	3
831	0004	0000	4	0
832	fd67	fc83	-665	-893
833	effd	fbd5	-4099	-1067
834	0004	0000	4	0
835	0004	fffb	4	-5
836	0004	0005	4	5
837	0005	fff2	5	-14
838	0003	0001	3	1
839	0003	fffc	3	-4
840	0005	0006	5	6
841	ff4b	ffcb	-181	-53
842	0004	0000	4	0
843	0004	fffb	4	-5
844	0002	0007	2	7
845	0003	fff7	3	-9
846	0004	0003	4	3
847	0003	fffe	3	-2
848	0007	002f	7	47
849	ff2c	00a1	-212	161
850	0004	0000	4	0
851	0003	fffb	3	-5
852	0003	0004	3	4
853	0003	fff6	3	-10
854	0001	0001	1	1
855	0004	fffd	4	-3
856	008a	000a	138	10
857	0006	ffe5	6	-27
858	0004	0001	4	1
859	0004	fffb	4	-5
860	0004	000a	4	10
861	0002	fff8	2	-8
862	0004	0002	4	2
863	0004	ffff	4	-1
864	fef8	01ed	-264	493
865	ffbe	003e	-66	62
866	0004	0000	4	0
867	0004	fffb	4	-5
868	0003	0004	3	4
869	0006	fff6	6	-10
870	0004	0001	4	1
871	0005	fffe	5	-2
872	ffd5	ffc3	-43	-61
873	0012	ffec	18	-20
874	0004	0000	4	0
875	0004	fffc	4	-4
876	0003	0007	3	7
877	0004	fff8	4	-8
878	0003	0002	3	2
879	0004	fffe	4	-2
880	00b1	01b0	177	432
881	0091	016d	145	365
882	0004	0000	4	0
883	0004	fffb	4	-5
884	0003	0006	3	6
885	ffff	fff7	-1	-9
886	0004	0002	4	2
887	0005	fffd	5	-3
888	ffca	0016	-54	22
889	000c	fffc	12	-4
890	0003	0001	3	1
891	0004	ffff	4	-1
892	0002	000e	2	14
893	0004	fffa	4	-6
894	0003	0003	3	3
895	0005	0000	5	0
896	fea2	ff64	-350	-156
897	053b	024e	1339	590
898	0004	0000	4	0
899	0004	fffb	4	-5
900	0003	0003	3	3
901	0004	0001	4	1
902	0004	0001	4	1
903	0003	fffd	3	-3
904	fffe	0004	-2	4
905	0026	002b	38	43
906	0004	0000	4	0
907	0004	fffb	4	-5
908	0003	0004	3	4
909	0003	fff8	3	-8
910	0003	0001	3	1
911	0004	fffe	4	-2
912	00a5	0158	165	344
913	ffc9	fda3	-55	-605
914	0004	0000	4	0
915	0004	fffb	4	-5
916	0003	0005	3	5
917	0004	fff6	4	-10
918	0004	0002	4	2
919	0004	fffd	4	-3
920	0042	0096	66	150
921	000d	0000	13	0
922	0004	0000	4	0
923	0004	fffd	4	-3
924	0002	0007	2	7
925	0004	fff8	4	-8
926	0004	0002	4	2
927	0004	fffe	4	-2
928	fc0d	062c	-1011	1580
929	ff5a	0029	-166	41
930	0004	0000	4	0
931	0004	fffb	4	-5
932	0003	0003	3	3
933	0001	fff6	1	-10
934	0003	0001	3	1
935	0004	fffc	4	-4
936	0007	000f	7	15
937	0007	0003	7	3
938	0004	0000	4	0
939	0006	fffd	6	-3
940	0004	0007	4	7
941	0003	fff8	3	-8
942	0004	0003	4	3
943	0004	ffff	4	-1
944	ff40	0000	-192	0
945	fe09	0119	-503	281
946	0004	0000	4	0
947	0004	fffc	4	-4
948	0003	0009	3	9
949	0004	fff5	4	-11
950	0004	0001	4	1
951	0004	fffd	4	-3
952	ff8c	0061	-116	97
953	0006	ffe1	6	-31
954	0002	0000	2	0
955	0003	fffc	3	-4
956	0004	000b	4	11
957	0002	fffa	2	-6
958	0003	0003	3	3
959	0004	fffe	4	-2
960	0036	016d	54	365
961	feb5	0243	-331	579
962	0004	0000	4	0
963	0004	fffa	4	-6
964	0004	0004	4	4
965	0006	fff1	6	-15
966	0004	0002	4	2
967	0004	fffd	4	-3
968	fffd	001d	-3	29
969	0036	ffbd	54	-67
970	0004	0000	4	0
971	0004	fffc	4	-4
972	0004	0007	4	7
973	0002	fff7	2	-9
974	0003	0003	3	3
975	0004	fffe	4	-2
976	0038	0049	56	73
977	0016	ff92	22	-110
978	0003	0000	3	0
979	0005	fffb	5	-5
980	0002	0002	2	2
981	0004	fff5	4	-11
982	0004	0001	4	1
983	0005	fffd	5	-3
984	fff7	003a	-9	58
985	fffa	fffa	-6	-6
986	0004	0001	4	1
987	0004	fffd	4	-3
988	0005	0005	5	5
989	0003	fff9	3	-7
990	0004	0005	4	5
991	0003	fffe	3	-2
992	0666	0545	1638	1349
993	0047	ff58	71	-168
994	0004	0000	4	0
995	0005	fffb	5	-5
996	0006	0004	6	4
997	ffff	fff6	-1	-10
998	0004	0002	4	2
999	0004	fffe	4	-2
1000	001c	fffc	28	-4
1001	001d	ffd7	29	-41
1002	0003	0000	3	0
1003	0004	fffd	4	-3
1004	0003	0005	3	5
1005	0004	fff7	4	-9
1006	0004	0003	4	3
1007	0005	ffff	5	-1
1008	fcc2	fc86	-830	-890
1009	007a	ffe5	122	-27
1010	0004	0000	4	0
1011	0004	fffd	4	-3
1012	0003	0005	3	5
1013	0004	fff7	4	-9
1014	0003	0002	3	2
1015	0004	ffff	4	-1
1016	ffc5	ff82	-59	-126
1017	ffff	ffeb	-1	-21
1018	0004	0001	4	1
1019	0002	fffe	2	-2
1020	0008	0018	8	24
1021	0004	fffb	4	-5
1022	0005	0004	5	4
1023	0005	0000	5	0
