0	3.781250	-1.312500
1	2.156250	0.000000
2	3.750000	1.187500
3	-0.625000	6.000000
4	51.031250	-20.531250
5	2.187500	-6.312500
6	-18.750000	36.062500
7	43.062500	29.500000
8	-4.468750	-41.968750
9	-9.875000	-16.906250
10	3.406250	-5.156250
11	24.625000	47.031250
12	-57.000000	116.468750
13	20.531250	0.468750
14	2.718750	-47.937500
15	6.343750	28.406250
16	7.656250	15.062500
17	17.375000	47.812500
18	-29.437500	-66.812500
19	-2.937500	-11.781250
20	7.562500	31.125000
21	-23.312500	-51.375000
22	-9.062500	-43.718750
23	-0.343750	47.781250
24	-0.718750	-34.125000
25	-1.031250	-29.187500
26	-18.750000	40.781250
27	-2.750000	-4.687500
28	-4.125000	-8.406250
29	-2.687500	-3.375000
30	4.156250	-19.375000
31	-1.062500	-8.500000
32	-3.906250	-2.406250
33	-5.750000	0.031250
34	-6.406250	-38.500000
35	-0.562500	-10.500000
36	-1.812500	-6.562500
37	-7.250000	-4.500000
38	-8.593750	-11.468750
39	4.593750	-5.125000
40	-7.875000	-22.593750
41	-11.500000	2.343750
42	-16.468750	-2.343750
43	16.718750	-7.062500
44	10.750000	-3.687500
45	1.718750	8.125000
46	2.312500	-11.937500
47	11.750000	-23.656250
48	-5.531250	-10.375000
49	-1.468750	-9.437500
50	-2.031250	-11.062500
51	-0.500000	4.000000
52	-1.000000	-2.250000
53	-3.968750	-2.906250
54	-8.500000	-6.843750
55	-17.156250	0.968750
56	-34.468750	-1.562500
57	40.156250	4.625000
58	14.843750	-2.531250
59	27.687500	-4.968750
60	-0.718750	-3.218750
61	4.156250	-10.437500
62	-1.593750	-3.250000
63	4.031250	-19.187500
64	-3.906250	1.968750
65	-5.000000	-4.750000
66	1.437500	-3.781250
67	2.906250	-10.875000
68	2.468750	-4.968750
69	4.125000	-4.125000
70	2.500000	-1.468750
71	-0.343750	-6.781250
72	2.531250	-1.656250
73	-1.500000	-7.625000
74	0.062500	-1.343750
75	2.375000	-3.156250
76	0.687500	5.375000
77	1.968750	-6.000000
78	-0.187500	2.218750
79	6.625000	0.375000
80	6.406250	-7.656250
81	3.625000	-0.500000
82	2.281250	-1.781250
83	2.156250	-1.843750
84	2.312500	0.468750
85	0.125000	-9.312500
86	-1.812500	-2.406250
87	2.781250	-7.000000
88	1.781250	-2.281250
89	-0.125000	-1.625000
90	-0.531250	-9.187500
91	1.062500	-1.781250
92	0.968750	-0.375000
93	2.500000	-2.125000
94	0.250000	0.687500
95	2.312500	-4.031250
96	3.406250	-0.875000
97	1.781250	-2.437500
98	0.687500	-0.468750
99	3.187500	-2.343750
100	2.781250	-1.031250
101	4.250000	0.281250
102	-5.031250	-3.656250
103	-1.281250	-2.875000
104	-1.000000	-1.781250
105	-0.843750	-1.812500
106	0.656250	-2.062500
107	-0.406250	-2.125000
108	0.625000	-0.593750
109	0.062500	-1.937500
110	0.875000	0.906250
111	-0.343750	-2.718750
112	-0.406250	-2.968750
113	-0.687500	-1.843750
114	0.750000	-2.656250
115	1.593750	-2.031250
116	0.968750	-2.125000
117	0.875000	-2.343750
118	0.937500	-2.906250
119	0.375000	-2.687500
120	0.593750	-0.562500
121	1.281250	-1.968750
122	0.812500	-1.937500
123	1.187500	-1.343750
124	1.468750	-1.593750
125	-1.593750	-0.406250
126	0.656250	-1.375000
127	0.343750	-1.843750
128	0.343750	-2.062500
129	-0.718750	-0.875000
130	0.125000	-1.406250
131	-0.281250	-0.718750
132	0.937500	-1.843750
133	0.687500	-1.500000
134	1.093750	-1.937500
135	0.500000	-1.718750
136	0.750000	-1.093750
137	-1.031250	-1.187500
138	0.281250	-0.906250
139	0.406250	-1.062500
140	0.375000	-1.093750
141	0.468750	-1.187500
142	0.531250	-0.968750
143	0.156250	-1.343750
144	0.437500	-1.125000
145	0.625000	-1.125000
146	0.593750	-0.687500
147	0.250000	-0.437500
148	-0.187500	0.218750
149	1.562500	-2.031250
150	1.187500	-1.531250
151	0.562500	-1.750000
152	0.593750	-1.312500
153	0.562500	-1.281250
154	0.562500	-1.250000
155	0.531250	-1.250000
156	0.531250	-1.312500
157	0.500000	-0.781250
158	0.531250	-1.218750
159	0.531250	-1.187500
160	0.406250	-1.750000
161	0.750000	-1.187500
162	0.531250	-1.156250
163	0.500000	-1.156250
164	0.937500	-0.937500
165	0.437500	-1.218750
166	0.531250	-1.125000
167	0.531250	-1.125000
168	0.531250	-1.093750
169	0.500000	-1.093750
170	0.468750	-1.031250
171	0.406250	-1.062500
172	-0.187500	-1.406250
173	1.968750	0.468750
174	1.187500	-0.968750
175	0.812500	-1.125000
176	0.687500	-1.031250
177	0.750000	-0.968750
178	0.718750	-1.031250
179	0.562500	-0.937500
180	0.781250	-1.031250
181	0.687500	-0.906250
182	0.687500	-1.000000
183	0.593750	-0.843750
184	0.531250	-0.843750
185	1.125000	-1.687500
186	0.500000	-1.125000
187	0.687500	-1.156250
188	0.593750	-1.031250
189	0.656250	-1.062500
190	0.593750	-1.062500
191	0.687500	-1.000000
192	0.718750	-0.781250
193	0.531250	-0.968750
194	0.718750	-0.968750
195	0.531250	-0.875000
196	0.593750	-0.968750
197	0.593750	-0.937500
198	0.625000	-0.906250
199	0.593750	-0.906250
200	0.593750	-0.906250
201	0.593750	-1.000000
202	0.593750	-0.812500
203	0.593750	-0.875000
204	0.593750	-0.875000
205	0.656250	-0.875000
206	0.593750	-0.875000
207	0.531250	-0.812500
208	0.593750	-0.906250
209	0.531250	-0.937500
210	0.531250	-0.812500
211	0.625000	-0.906250
212	0.625000	-0.843750
213	0.562500	-0.781250
214	0.562500	-0.843750
215	0.562500	-0.843750
216	0.562500	-0.812500
217	0.781250	-0.687500
218	0.656250	-0.781250
219	0.531250	-0.750000
220	0.656250	-0.781250
221	0.593750	-0.812500
222	0.593750	-0.781250
223	0.687500	-0.875000
224	0.593750	-0.843750
225	0.625000	-0.750000
226	0.562500	-0.812500
227	0.593750	-0.781250
228	0.593750	-0.781250
229	0.593750	-0.781250
230	0.625000	-0.781250
231	0.562500	-0.781250
232	0.656250	-0.750000
233	0.562500	-0.750000
234	0.593750	-0.750000
235	0.562500	-0.687500
236	0.531250	-0.781250
237	0.593750	-0.812500
238	0.562500	-0.656250
239	0.593750	-0.687500
240	0.687500	-0.781250
241	0.562500	-0.718750
242	0.625000	-0.687500
243	0.625000	-0.687500
244	0.500000	-0.687500
245	0.562500	-0.625000
246	0.593750	-0.656250
247	0.625000	-0.625000
248	0.531250	-0.625000
249	0.625000	-0.781250
250	0.562500	-0.625000
251	0.593750	-0.656250
252	0.593750	-0.656250
253	0.625000	-0.687500
254	0.625000	-0.687500
255	0.625000	-0.656250
256	0.562500	-0.656250
257	0.593750	-0.625000
258	0.593750	-0.656250
259	0.562500	-0.656250
260	0.593750	-0.625000
261	0.687500	-0.625000
262	0.593750	-0.625000
263	0.625000	-0.625000
264	0.562500	-0.562500
265	0.593750	-0.562500
266	0.593750	-0.593750
267	0.656250	-0.562500
268	0.562500	-0.593750
269	0.625000	-0.593750
270	0.593750	-0.562500
271	0.625000	-0.531250
272	0.593750	-0.625000
273	0.562500	-0.562500
274	0.625000	-0.562500
275	0.562500	-0.625000
276	0.531250	-0.562500
277	0.656250	-0.531250
278	0.625000	-0.531250
279	0.625000	-0.593750
280	0.562500	-0.593750
281	0.625000	-0.500000
282	0.593750	-0.562500
283	0.625000	-0.500000
284	0.593750	-0.531250
285	0.593750	-0.500000
286	0.593750	-0.531250
287	0.625000	-0.500000
288	0.562500	-0.562500
289	0.625000	-0.468750
290	0.625000	-0.531250
291	0.562500	-0.531250
292	0.593750	-0.531250
293	0.531250	-0.500000
294	0.625000	-0.500000
295	0.562500	-0.500000
296	0.562500	-0.500000
297	0.593750	-0.468750
298	0.593750	-0.500000
299	0.625000	-0.500000
300	0.593750	-0.468750
301	0.531250	-0.468750
302	0.625000	-0.500000
303	0.625000	-0.468750
304	0.625000	-0.468750
305	0.593750	-0.468750
306	0.562500	-0.468750
307	0.562500	-0.500000
308	0.562500	-0.531250
309	0.562500	-0.468750
310	0.625000	-0.437500
311	0.593750	-0.468750
312	0.593750	-0.468750
313	0.562500	-0.468750
314	0.625000	-0.437500
315	0.593750	-0.468750
316	0.593750	-0.437500
317	0.562500	-0.500000
318	0.593750	-0.437500
319	0.593750	-0.437500
320	0.625000	-0.468750
321	0.562500	-0.406250
322	0.562500	-0.437500
323	0.593750	-0.375000
324	0.625000	-0.437500
325	0.562500	-0.406250
326	0.562500	-0.437500
327	0.593750	-0.437500
328	0.593750	-0.437500
329	0.562500	-0.375000
330	0.562500	-0.437500
331	0.593750	-0.406250
332	0.625000	-0.406250
333	0.531250	-0.375000
334	0.593750	-0.406250
335	0.593750	-0.406250
336	0.593750	-0.406250
337	0.562500	-0.343750
338	0.593750	-0.406250
339	0.593750	-0.375000
340	0.593750	-0.375000
341	0.562500	-0.375000
342	0.593750	-0.343750
343	0.625000	-0.375000
344	0.656250	-0.312500
345	0.593750	-0.375000
346	0.593750	-0.343750
347	0.562500	-0.343750
348	0.593750	-0.375000
349	0.593750	-0.375000
350	0.562500	-0.343750
351	0.593750	-0.375000
352	0.562500	-0.375000
353	0.593750	-0.375000
354	0.562500	-0.312500
355	0.562500	-0.343750
356	0.593750	-0.343750
357	0.593750	-0.343750
358	0.593750	-0.312500
359	0.625000	-0.375000
360	0.562500	-0.343750
361	0.593750	-0.375000
362	0.593750	-0.312500
363	0.562500	-0.281250
364	0.593750	-0.312500
365	0.562500	-0.312500
366	0.593750	-0.312500
367	0.593750	-0.312500
368	0.562500	-0.312500
369	0.562500	-0.312500
370	0.562500	-0.343750
371	0.593750	-0.312500
372	0.593750	-0.281250
373	0.593750	-0.281250
374	0.593750	-0.312500
375	0.562500	-0.312500
376	0.593750	-0.312500
377	0.625000	-0.312500
378	0.562500	-0.312500
379	0.625000	-0.281250
380	0.593750	-0.281250
381	0.593750	-0.250000
382	0.593750	-0.281250
383	0.593750	-0.250000
384	0.562500	-0.281250
385	0.593750	-0.281250
386	0.562500	-0.312500
387	0.562500	-0.250000
388	0.562500	-0.250000
389	0.625000	-0.250000
390	0.593750	-0.250000
391	0.593750	-0.218750
392	0.593750	-0.218750
393	0.593750	-0.250000
394	0.593750	-0.281250
395	0.593750	-0.250000
396	0.562500	-0.250000
397	0.625000	-0.250000
398	0.593750	-0.218750
399	0.593750	-0.281250
400	0.562500	-0.250000
401	0.625000	-0.250000
402	0.562500	-0.218750
403	0.593750	-0.250000
404	0.593750	-0.250000
405	0.593750	-0.250000
406	0.593750	-0.187500
407	0.562500	-0.250000
408	0.625000	-0.218750
409	0.625000	-0.218750
410	0.562500	-0.250000
411	0.593750	-0.250000
412	0.625000	-0.250000
413	0.593750	-0.187500
414	0.593750	-0.218750
415	0.531250	-0.250000
416	0.562500	-0.218750
417	0.562500	-0.218750
418	0.562500	-0.187500
419	0.625000	-0.187500
420	0.593750	-0.187500
421	0.593750	-0.187500
422	0.593750	-0.156250
423	0.562500	-0.218750
424	0.562500	-0.187500
425	0.562500	-0.218750
426	0.593750	-0.187500
427	0.531250	-0.218750
428	0.593750	-0.218750
429	0.562500	-0.187500
430	0.562500	-0.156250
431	0.562500	-0.187500
432	0.593750	-0.218750
433	0.593750	-0.187500
434	0.562500	-0.156250
435	0.562500	-0.125000
436	0.562500	-0.187500
437	0.562500	-0.187500
438	0.562500	-0.156250
439	0.593750	-0.156250
440	0.531250	-0.218750
441	0.593750	-0.156250
442	0.593750	-0.156250
443	0.562500	-0.156250
444	0.593750	-0.156250
445	0.593750	-0.187500
446	0.593750	-0.125000
447	0.593750	-0.156250
448	0.593750	-0.156250
449	0.625000	-0.125000
450	0.593750	-0.093750
451	0.531250	-0.156250
452	0.593750	-0.156250
453	0.562500	-0.156250
454	0.593750	-0.156250
455	0.593750	-0.156250
456	0.562500	-0.125000
457	0.562500	-0.125000
458	0.562500	-0.125000
459	0.625000	-0.093750
460	0.562500	-0.125000
461	0.625000	-0.156250
462	0.593750	-0.125000
463	0.531250	-0.125000
464	0.625000	-0.125000
465	0.593750	-0.125000
466	0.625000	-0.125000
467	0.562500	-0.125000
468	0.562500	-0.125000
469	0.562500	-0.062500
470	0.593750	-0.125000
471	0.562500	-0.125000
472	0.593750	-0.125000
473	0.593750	-0.093750
474	0.593750	-0.125000
475	0.562500	-0.125000
476	0.593750	-0.125000
477	0.593750	-0.093750
478	0.593750	-0.125000
479	0.562500	-0.093750
480	0.593750	-0.093750
481	0.593750	-0.062500
482	0.593750	-0.093750
483	0.593750	-0.093750
484	0.562500	-0.093750
485	0.593750	-0.093750
486	0.593750	-0.093750
487	0.593750	-0.062500
488	0.593750	-0.062500
489	0.593750	-0.093750
490	0.593750	-0.093750
491	0.562500	-0.062500
492	0.593750	-0.093750
493	0.593750	-0.062500
494	0.593750	-0.031250
495	0.593750	-0.062500
496	0.593750	-0.062500
497	0.562500	-0.031250
498	0.562500	-0.031250
499	0.562500	-0.031250
500	0.562500	-0.062500
501	0.562500	-0.031250
502	0.593750	-0.031250
503	0.562500	-0.031250
504	0.562500	-0.062500
505	0.593750	-0.062500
506	0.593750	-0.062500
507	0.562500	-0.031250
508	0.593750	0.000000
509	0.562500	-0.031250
510	0.562500	-0.062500
511	0.562500	0.000000
512	0.562500	0.000000
513	0.593750	0.000000
514	0.593750	0.000000
515	0.593750	0.000000
516	0.593750	0.000000
517	0.593750	0.000000
518	0.562500	0.000000
519	0.562500	0.000000
520	0.593750	0.000000
521	0.593750	0.000000
522	0.593750	0.000000
523	0.562500	0.000000
524	0.562500	0.000000
525	0.593750	0.000000
526	0.562500	0.000000
527	0.562500	0.000000
528	0.593750	0.000000
529	0.593750	0.000000
530	0.593750	0.000000
531	0.593750	0.000000
532	0.562500	0.000000
533	0.562500	0.000000
534	0.593750	0.000000
535	0.562500	0.000000
536	0.562500	0.000000
537	0.562500	0.000000
538	0.562500	0.000000
539	0.593750	0.000000
540	0.562500	0.000000
541	0.593750	0.000000
542	0.593750	0.000000
543	0.593750	0.031250
544	0.593750	0.031250
545	0.562500	0.031250
546	0.593750	0.031250
547	0.562500	0.031250
548	0.593750	0.031250
549	0.593750	0.031250
550	0.593750	0.031250
551	0.562500	0.031250
552	0.593750	0.031250
553	0.593750	0.031250
554	0.593750	0.031250
555	0.593750	0.031250
556	0.593750	0.062500
557	0.593750	0.062500
558	0.593750	0.062500
559	0.593750	0.031250
560	0.593750	0.062500
561	0.593750	0.031250
562	0.593750	0.062500
563	0.562500	0.062500
564	0.593750	0.031250
565	0.593750	0.093750
566	0.531250	0.062500
567	0.593750	0.031250
568	0.562500	0.031250
569	0.562500	0.062500
570	0.562500	0.062500
571	0.625000	0.093750
572	0.593750	0.093750
573	0.562500	0.093750
574	0.562500	0.093750
575	0.531250	0.062500
576	0.531250	0.062500
577	0.593750	0.062500
578	0.593750	0.062500
579	0.593750	0.093750
580	0.593750	0.062500
581	0.593750	0.125000
582	0.593750	0.093750
583	0.562500	0.125000
584	0.593750	0.093750
585	0.562500	0.093750
586	0.562500	0.125000
587	0.593750	0.093750
588	0.593750	0.093750
589	0.562500	0.156250
590	0.562500	0.125000
591	0.562500	0.093750
592	0.562500	0.093750
593	0.593750	0.125000
594	0.593750	0.125000
595	0.562500	0.093750
596	0.593750	0.125000
597	0.562500	0.125000
598	0.593750	0.125000
599	0.562500	0.093750
600	0.593750	0.125000
601	0.562500	0.125000
602	0.593750	0.125000
603	0.562500	0.125000
604	0.593750	0.093750
605	0.593750	0.125000
606	0.562500	0.125000
607	0.593750	0.125000
608	0.562500	0.156250
609	0.562500	0.125000
610	0.562500	0.125000
611	0.531250	0.156250
612	0.562500	0.156250
613	0.593750	0.156250
614	0.593750	0.156250
615	0.593750	0.187500
616	0.562500	0.156250
617	0.593750	0.156250
618	0.593750	0.156250
619	0.562500	0.187500
620	0.593750	0.156250
621	0.593750	0.156250
622	0.593750	0.156250
623	0.593750	0.187500
624	0.562500	0.156250
625	0.625000	0.156250
626	0.562500	0.187500
627	0.593750	0.187500
628	0.562500	0.156250
629	0.625000	0.187500
630	0.593750	0.187500
631	0.562500	0.187500
632	0.593750	0.218750
633	0.593750	0.156250
634	0.593750	0.156250
635	0.593750	0.156250
636	0.625000	0.187500
637	0.593750	0.218750
638	0.562500	0.187500
639	0.562500	0.187500
640	0.531250	0.250000
641	0.593750	0.218750
642	0.593750	0.250000
643	0.562500	0.218750
644	0.593750	0.218750
645	0.562500	0.187500
646	0.593750	0.250000
647	0.625000	0.218750
648	0.593750	0.250000
649	0.593750	0.218750
650	0.593750	0.250000
651	0.562500	0.250000
652	0.562500	0.218750
653	0.593750	0.250000
654	0.593750	0.187500
655	0.593750	0.218750
656	0.562500	0.281250
657	0.562500	0.218750
658	0.562500	0.250000
659	0.562500	0.250000
660	0.593750	0.281250
661	0.593750	0.250000
662	0.562500	0.281250
663	0.562500	0.218750
664	0.593750	0.250000
665	0.593750	0.281250
666	0.562500	0.281250
667	0.593750	0.281250
668	0.593750	0.250000
669	0.593750	0.312500
670	0.562500	0.281250
671	0.562500	0.281250
672	0.562500	0.250000
673	0.562500	0.281250
674	0.562500	0.312500
675	0.593750	0.312500
676	0.562500	0.312500
677	0.562500	0.281250
678	0.593750	0.281250
679	0.562500	0.250000
680	0.593750	0.281250
681	0.593750	0.281250
682	0.625000	0.250000
683	0.593750	0.312500
684	0.593750	0.281250
685	0.562500	0.343750
686	0.562500	0.343750
687	0.593750	0.312500
688	0.562500	0.343750
689	0.562500	0.312500
690	0.593750	0.343750
691	0.593750	0.375000
692	0.593750	0.343750
693	0.562500	0.312500
694	0.593750	0.343750
695	0.593750	0.343750
696	0.562500	0.343750
697	0.562500	0.343750
698	0.593750	0.375000
699	0.593750	0.375000
700	0.562500	0.375000
701	0.562500	0.343750
702	0.593750	0.375000
703	0.562500	0.312500
704	0.562500	0.343750
705	0.562500	0.343750
706	0.625000	0.375000
707	0.562500	0.375000
708	0.593750	0.343750
709	0.562500	0.406250
710	0.562500	0.343750
711	0.593750	0.406250
712	0.593750	0.375000
713	0.531250	0.406250
714	0.593750	0.375000
715	0.593750	0.406250
716	0.625000	0.406250
717	0.562500	0.406250
718	0.562500	0.468750
719	0.562500	0.437500
720	0.531250	0.406250
721	0.562500	0.406250
722	0.625000	0.406250
723	0.593750	0.375000
724	0.625000	0.468750
725	0.531250	0.406250
726	0.593750	0.406250
727	0.593750	0.437500
728	0.593750	0.437500
729	0.593750	0.406250
730	0.593750	0.437500
731	0.562500	0.437500
732	0.593750	0.437500
733	0.562500	0.437500
734	0.562500	0.437500
735	0.531250	0.468750
736	0.593750	0.468750
737	0.593750	0.406250
738	0.562500	0.500000
739	0.593750	0.437500
740	0.593750	0.468750
741	0.562500	0.437500
742	0.625000	0.468750
743	0.593750	0.437500
744	0.625000	0.500000
745	0.656250	0.406250
746	0.562500	0.500000
747	0.593750	0.531250
748	0.625000	0.468750
749	0.656250	0.468750
750	0.500000	0.468750
751	0.562500	0.562500
752	0.625000	0.500000
753	0.531250	0.500000
754	0.562500	0.531250
755	0.625000	0.468750
756	0.593750	0.500000
757	0.593750	0.531250
758	0.593750	0.500000
759	0.625000	0.531250
760	0.562500	0.531250
761	0.625000	0.500000
762	0.562500	0.500000
763	0.625000	0.562500
764	0.625000	0.562500
765	0.656250	0.593750
766	0.562500	0.562500
767	0.562500	0.625000
768	0.562500	0.625000
769	0.562500	0.593750
770	0.562500	0.593750
771	0.593750	0.593750
772	0.625000	0.593750
773	0.625000	0.593750
774	0.562500	0.593750
775	0.562500	0.562500
776	0.562500	0.531250
777	0.593750	0.656250
778	0.531250	0.531250
779	0.625000	0.562500
780	0.562500	0.562500
781	0.593750	0.531250
782	0.468750	0.593750
783	0.593750	0.625000
784	0.593750	0.625000
785	0.562500	0.625000
786	0.656250	0.687500
787	0.562500	0.593750
788	0.562500	0.562500
789	0.593750	0.687500
790	0.531250	0.687500
791	0.562500	0.593750
792	0.562500	0.656250
793	0.531250	0.656250
794	0.625000	0.656250
795	0.562500	0.687500
796	0.562500	0.687500
797	0.593750	0.687500
798	0.562500	0.687500
799	0.562500	0.687500
800	0.562500	0.718750
801	0.625000	0.718750
802	0.593750	0.750000
803	0.687500	0.781250
804	0.593750	0.687500
805	0.562500	0.687500
806	0.625000	0.687500
807	0.500000	0.656250
808	0.625000	0.687500
809	0.750000	0.593750
810	0.562500	0.718750
811	0.562500	0.750000
812	0.531250	0.750000
813	0.562500	0.718750
814	0.625000	0.750000
815	0.625000	0.812500
816	0.500000	0.718750
817	0.531250	0.843750
818	0.593750	0.812500
819	0.531250	0.718750
820	0.593750	0.781250
821	0.625000	0.812500
822	0.593750	0.781250
823	0.593750	0.781250
824	0.562500	0.718750
825	0.562500	0.906250
826	0.593750	0.843750
827	0.562500	0.843750
828	0.625000	0.781250
829	0.562500	0.843750
830	0.593750	0.843750
831	0.531250	0.781250
832	0.718750	0.875000
833	0.531250	0.875000
834	0.718750	0.687500
835	0.687500	0.906250
836	0.593750	0.968750
837	0.656250	0.968750
838	0.562500	0.937500
839	0.656250	1.062500
840	0.468750	1.031250
841	1.093750	1.625000
842	0.500000	0.718750
843	0.593750	0.781250
844	0.687500	0.906250
845	0.656250	0.812500
846	0.750000	0.937500
847	0.531250	0.843750
848	0.687500	0.937500
849	0.718750	0.906250
850	0.687500	0.937500
851	0.781250	1.062500
852	1.187500	0.906250
853	1.937500	-0.500000
854	-0.187500	1.312500
855	0.406250	0.968750
856	0.468750	0.937500
857	0.468750	1.000000
858	0.500000	1.000000
859	0.500000	1.031250
860	0.531250	1.062500
861	0.437500	1.125000
862	0.875000	0.875000
863	0.531250	1.093750
864	0.531250	1.062500
865	0.718750	1.093750
866	0.375000	1.656250
867	0.500000	1.093750
868	0.531250	1.125000
869	0.500000	0.718750
870	0.500000	1.218750
871	0.531250	1.156250
872	0.562500	1.156250
873	0.562500	1.187500
874	0.593750	1.218750
875	0.562500	1.656250
876	1.187500	1.468750
877	1.562500	1.968750
878	-0.187500	-0.250000
879	0.250000	0.343750
880	0.593750	0.593750
881	0.625000	1.031250
882	0.406250	1.062500
883	0.125000	1.250000
884	0.531250	0.843750
885	0.437500	1.093750
886	0.375000	1.000000
887	0.375000	0.968750
888	0.281250	0.843750
889	-1.000000	1.062500
890	0.718750	1.000000
891	0.500000	1.656250
892	1.093750	1.843750
893	0.687500	1.406250
894	0.937500	1.750000
895	-0.250000	0.625000
896	0.093750	1.312500
897	-0.718750	0.781250
898	0.343750	1.968750
899	0.343750	1.750000
900	0.656250	1.250000
901	-1.562500	0.312500
902	1.468750	1.500000
903	1.187500	1.250000
904	0.812500	1.843750
905	1.250000	1.843750
906	0.562500	0.437500
907	0.375000	2.593750
908	0.875000	2.812500
909	0.875000	2.250000
910	0.968750	2.000000
911	1.593750	1.906250
912	0.718750	2.531250
913	-0.656250	1.718750
914	-0.375000	2.843750
915	-0.312500	2.625000
916	0.875000	-0.968750
917	0.000000	1.812500
918	0.593750	0.500000
919	-0.406250	2.031250
920	0.656250	1.937500
921	-0.812500	1.718750
922	-0.968750	1.656250
923	-1.250000	2.781250
924	-5.000000	3.562500
925	4.250000	-0.343750
926	2.781250	0.937500
927	3.187500	2.250000
928	0.687500	0.375000
929	1.750000	2.343750
930	3.406250	0.781250
931	2.312500	3.906250
932	0.250000	-0.718750
933	2.468750	2.000000
934	0.937500	0.250000
935	1.031250	1.656250
936	-0.500000	9.093750
937	-0.125000	1.500000
938	1.781250	2.187500
939	2.750000	6.875000
940	-1.781250	2.281250
941	0.125000	9.187500
942	2.281250	-0.500000
943	2.125000	1.718750
944	2.250000	1.656250
945	3.625000	0.406250
946	6.406250	7.531250
947	6.625000	-0.437500
948	-0.156250	-2.281250
949	1.937500	5.906250
950	0.656250	-5.437500
951	2.343750	3.031250
952	0.031250	1.218750
953	-1.468750	7.531250
954	2.531250	1.531250
955	-0.312500	6.687500
956	2.500000	1.343750
957	4.125000	4.031250
958	2.437500	4.875000
959	2.875000	10.781250
960	1.406250	3.656250
961	-5.000000	4.625000
962	-3.843750	-2.062500
963	4.031250	19.062500
964	-1.531250	3.125000
965	4.125000	10.312500
966	-0.687500	3.093750
967	27.656250	4.843750
968	14.843750	2.406250
969	40.125000	-4.687500
970	-34.437500	1.437500
971	-17.093750	-1.062500
972	-8.406250	6.718750
973	-3.937500	2.781250
974	-0.968750	2.125000
975	-0.468750	-4.093750
976	-1.968750	10.968750
977	-1.406250	9.312500
978	-5.500000	10.281250
979	11.718750	23.531250
980	2.312500	11.812500
981	1.687500	-8.187500
982	10.718750	3.562500
983	16.687500	6.937500
984	-16.437500	2.187500
985	-11.468750	-2.406250
986	-7.812500	22.437500
987	4.593750	5.000000
988	-8.531250	11.343750
989	-7.187500	4.375000
990	-1.781250	6.437500
991	-0.531250	10.375000
992	-6.375000	38.375000
993	-5.687500	-0.093750
994	-3.843750	2.281250
995	-1.000000	8.375000
996	4.156250	19.250000
997	-2.625000	3.218750
998	-4.062500	8.250000
999	-2.687500	4.562500
1000	-18.656250	-40.906250
1001	-0.968750	29.031250
1002	-0.656250	33.968750
1003	-0.312500	-47.875000
1004	-9.031250	43.593750
1005	-23.218750	51.218750
1006	7.562500	-31.218750
1007	-2.906250	11.656250
1008	-29.343750	66.687500
1009	17.375000	-47.906250
1010	7.656250	-15.156250
1011	6.375000	-28.500000
1012	2.750000	47.781250
1013	20.531250	-0.531250
1014	-56.937500	-116.562500
1015	24.656250	-47.125000
1016	3.406250	4.968750
1017	-9.812500	16.718750
1018	-4.375000	41.750000
1019	43.093750	-29.625000
1020	-18.656250	-36.187500
1021	2.218750	6.156250
1022	51.062500	20.343750
1023	-0.562500	-6.125000
