0	ff6c	fff2	-148	-14
1	ff57	0000	-169	0
2	0000	0000	0	0
3	0000	0000	0	0
4	0000	0000	0	0
5	000b	fff6	11	-10
6	0000	0000	0	0
7	ffff	ffff	-1	-1
8	000a	0007	10	7
9	ffc4	001a	-60	26
10	0000	0000	0	0
11	0000	ffff	0	-1
12	0001	0000	1	0
13	0001	ffff	1	-1
14	0000	0000	0	0
15	0000	0000	0	0
16	ffc5	ffe4	-59	-28
17	00a9	00d2	169	210
18	0000	0000	0	0
19	0000	0000	0	0
20	0000	0000	0	0
21	fff4	0002	-12	2
22	0000	0000	0	0
23	0000	ffff	0	-1
24	fffd	0005	-3	5
25	fffc	fff7	-4	-9
26	0000	0000	0	0
27	0001	ffff	1	-1
28	fff6	fffd	-10	-3
29	0000	0000	0	0
30	0000	0000	0	0
31	ffff	ffff	-1	-1
32	00a9	ff2b	169	-213
33	ffed	01d2	-19	466
34	0000	0000	0	0
35	0000	0000	0	0
36	0000	0000	0	0
37	0005	fff6	5	-10
38	0000	0000	0	0
39	ffff	ffff	-1	-1
40	000e	ffff	14	-1
41	0006	00a3	6	163
42	0000	0000	0	0
43	0000	ffff	0	-1
44	0000	0000	0	0
45	0001	ffff	1	-1
46	0000	0000	0	0
47	0000	0000	0	0
48	ffa5	ffd5	-91	-43
49	ffa4	0029	-92	41
50	0000	0000	0	0
51	0000	0000	0	0
52	0000	0000	0	0
53	0000	fffe	0	-2
54	0000	0000	0	0
55	ffff	0000	-1	0
56	0006	ff5c	6	-164
57	000e	0000	14	0
58	0000	0000	0	0
59	ffff	ffff	-1	-1
60	0003	0006	3	6
61	0000	ffff	0	-1
62	0000	0000	0	0
63	0000	0000	0	0
64	ffee	fe2b	-18	-469
65	ffc2	0029	-62	41
66	0000	0000	0	0
67	0000	ffff	0	-1
68	0000	0000	0	0
69	0002	fff0	2	-16
70	0000	ffff	0	-1
71	ffff	ffff	-1	-1
72	0014	fffc	20	-4
73	0045	ffd9	69	-39
74	0000	0000	0	0
75	0000	ffff	0	-1
76	fff4	0001	-12	1
77	0001	ffff	1	-1
78	0000	0000	0	0
79	0000	ffff	0	-1
80	ffb8	0180	-72	384
81	ffd3	003c	-45	60
82	0000	0000	0	0
83	0000	0000	0	0
84	0000	0000	0	0
85	0004	fff1	4	-15
86	0000	0000	0	0
87	ffff	0000	-1	0
88	004a	fffa	74	-6
89	000d	0026	13	38
90	0000	0000	0	0
91	0000	0000	0	0
92	fffd	ffff	-3	-1
93	0000	ffff	0	-1
94	0000	0000	0	0
95	0000	0000	0	0
96	ffac	ff0c	-84	-244
97	ffaa	00f2	-86	242
98	0000	0000	0	0
99	0000	ffff	0	-1
100	0000	0000	0	0
101	fffc	0000	-4	0
102	0000	0000	0	0
103	ffff	0000	-1	0
104	000c	ffd8	12	-40
105	004a	0005	74	5
106	0000	0000	0	0
107	0000	ffff	0	-1
108	0004	000c	4	12
109	0000	ffff	0	-1
110	0000	0000	0	0
111	ffff	0000	-1	0
112	ffd4	ffc2	-44	-62
113	ffb6	fe7c	-74	-388
114	0000	0000	0	0
115	ffff	ffff	-1	-1
116	0000	0000	0	0
117	fff3	fffc	-13	-4
118	0000	0000	0	0
119	0000	ffff	0	-1
120	0045	0023	69	35
121	0015	0002	21	2
122	0000	0000	0	0
123	0000	0000	0	0
124	0002	000d	2	13
125	0000	ffff	0	-1
126	0000	0000	0	0
127	0000	ffff	0	-1
128	ffc4	ffd3	-60	-45
129	ffd7	ff7b	-41	-133
130	0000	ffff	0	-1
131	0000	0000	0	0
132	0000	0000	0	0
133	ffff	fff9	-1	-7
134	0000	0000	0	0
135	0000	ffff	0	-1
136	ffd9	fff9	-39	-7
137	ffc6	ff8f	-58	-113
138	0000	0000	0	0
139	0000	0000	0	0
140	fffc	ffff	-4	-1
141	0000	fffe	0	-2
142	0000	0000	0	0
143	ffff	ffff	-1	-1
144	00ac	0064	172	100
145	ff4e	ffd1	-178	-47
146	0000	0000	0	0
147	0000	0000	0	0
148	0000	0000	0	0
149	0004	0000	4	0
150	0000	0000	0	0
151	0000	0000	0	0
152	ffe3	fff7	-29	-9
153	fff1	ffa2	-15	-94
154	0000	0000	0	0
155	0001	ffff	1	-1
156	fffd	0001	-3	1
157	0001	ffff	1	-1
158	0000	ffff	0	-1
159	ffff	fffe	-1	-2
160	0053	00b9	83	185
161	fdf1	009c	-527	156
162	0000	0000	0	0
163	0000	0000	0	0
164	0000	0000	0	0
165	ffcd	0001	-51	1
166	0000	0000	0	0
167	0001	0000	1	0
168	ffe9	ffe7	-23	-25
169	0036	001a	54	26
170	0000	0000	0	0
171	0000	ffff	0	-1
172	0000	0004	0	4
173	0000	fffe	0	-2
174	0000	ffff	0	-1
175	0000	ffff	0	-1
176	ff51	000a	-175	10
177	ff48	ffcf	-184	-49
178	0000	0000	0	0
179	0000	ffff	0	-1
180	0000	0000	0	0
181	0002	fffe	2	-2
182	0000	0000	0	0
183	ffff	ffff	-1	-1
184	000c	0011	12	17
185	fffb	0011	-5	17
186	0000	0000	0	0
187	0000	0000	0	0
188	0004	fffb	4	-5
189	0000	ffff	0	-1
190	0000	0000	0	0
191	0000	0000	0	0
192	fffe	fe60	-2	-416
193	fffc	019d	-4	413
194	0000	ffff	0	-1
195	0000	ffff	0	-1
196	0000	ffff	0	-1
197	0004	0004	4	4
198	0000	0000	0	0
199	0000	0000	0	0
200	fffd	ffee	-3	-18
201	000c	ffeb	12	-21
202	0000	ffff	0	-1
203	0000	ffff	0	-1
204	0001	0000	1	0
205	0000	fffe	0	-2
206	0000	0000	0	0
207	0000	fffe	0	-2
208	ff4a	002d	-182	45
209	ff50	fff2	-176	-14
210	0000	0000	0	0
211	0000	0000	0	0
212	0000	0000	0	0
213	0000	fff9	0	-7
214	0000	0000	0	0
215	0000	0000	0	0
216	0036	ffe4	54	-28
217	ffe8	0017	-24	23
218	0000	0000	0	0
219	0000	0000	0	0
220	ffcd	ffff	-51	-1
221	0000	0000	0	0
222	0000	0000	0	0
223	0000	ffff	0	-1
224	fdf2	ff62	-526	-158
225	0053	ff43	83	-189
226	0000	0000	0	0
227	0000	ffff	0	-1
228	0000	ffff	0	-1
229	fffb	fffc	-5	-4
230	0000	0000	0	0
231	0000	ffff	0	-1
232	fff3	005a	-13	90
233	ffe2	0008	-30	8
234	0000	0000	0	0
235	ffff	0000	-1	0
236	0003	ffff	3	-1
237	0001	fffe	1	-2
238	0000	ffff	0	-1
239	0000	ffff	0	-1
240	ff4f	002b	-177	43
241	00ac	ff98	172	-104
242	0000	0000	0	0
243	0000	ffff	0	-1
244	0000	0000	0	0
245	fffc	0000	-4	0
246	0000	0000	0	0
247	0000	fffe	0	-2
248	ffc7	006e	-57	110
249	ffd8	0005	-40	5
250	0000	0000	0	0
251	0000	ffff	0	-1
252	0000	0005	0	5
253	0000	fffe	0	-2
254	0000	ffff	0	-1
255	0000	fffe	0	-2
256	ffda	007f	-38	127
257	fedf	ffba	-289	-70
258	0000	0000	0	0
259	0000	0000	0	0
260	0000	0000	0	0
261	fff3	fff3	-13	-13
262	0000	0000	0	0
263	ffff	ffff	-1	-1
264	0001	0014	1	20
265	fffa	002d	-6	45
266	0000	0000	0	0
267	0000	ffff	0	-1
268	0000	0000	0	0
269	0000	ffff	0	-1
270	0000	0000	0	0
271	0000	0000	0	0
272	0076	ffc8	118	-56
273	ffe3	0067	-29	103
274	0000	0000	0	0
275	0000	0000	0	0
276	0000	0000	0	0
277	fffe	fff6	-2	-10
278	0000	0000	0	0
279	0000	0000	0	0
280	fffa	fff8	-6	-8
281	fff4	0017	-12	23
282	0000	0000	0	0
283	ffff	ffff	-1	-1
284	000e	0002	14	2
285	0000	ffff	0	-1
286	0000	0000	0	0
287	ffff	ffff	-1	-1
288	002e	0085	46	133
289	feef	ffe2	-273	-30
290	0000	0000	0	0
291	0000	0000	0	0
292	0000	0000	0	0
293	000c	0013	12	19
294	0000	0000	0	0
295	0000	ffff	0	-1
296	0004	fffd	4	-3
297	0078	ffd7	120	-41
298	0000	0000	0	0
299	0000	ffff	0	-1
300	0000	0000	0	0
301	0000	ffff	0	-1
302	0000	0000	0	0
303	ffff	0000	-1	0
304	000f	ff94	15	-108
305	ff64	ff7c	-156	-132
306	0000	0000	0	0
307	0000	0000	0	0
308	0000	0000	0	0
309	0001	fffe	1	-2
310	0000	0000	0	0
311	ffff	ffff	-1	-1
312	00d7	00e0	215	224
313	fff0	ffed	-16	-19
314	0000	0000	0	0
315	ffff	ffff	-1	-1
316	0018	0000	24	0
317	0000	ffff	0	-1
318	0000	0000	0	0
319	ffff	0000	-1	0
320	022c	ff7e	556	-130
321	00f0	fd63	240	-669
322	0000	0000	0	0
323	0000	ffff	0	-1
324	0000	ffff	0	-1
325	fff9	000b	-7	11
326	0000	0000	0	0
327	ffff	ffff	-1	-1
328	000f	ffff	15	-1
329	ffe3	ff93	-29	-109
330	0000	0000	0	0
331	0000	0000	0	0
332	0002	0000	2	0
333	0001	ffff	1	-1
334	0000	0000	0	0
335	0000	ffff	0	-1
336	ff33	ffdb	-205	-37
337	fff9	0025	-7	37
338	0000	0000	0	0
339	0000	ffff	0	-1
340	0000	0000	0	0
341	ffff	000f	-1	15
342	0000	0000	0	0
343	ffff	0000	-1	0
344	0025	ffdf	37	-33
345	0001	000b	1	11
346	0000	ffff	0	-1
347	ffff	ffff	-1	-1
348	0006	fffe	6	-2
349	0000	fffe	0	-2
350	0000	ffff	0	-1
351	ffff	fffe	-1	-2
352	005d	01dd	93	477
353	fff5	ff78	-11	-136
354	0000	0000	0	0
355	0000	0000	0	0
356	0000	0000	0	0
357	fffe	fffb	-2	-5
358	0000	0000	0	0
359	ffff	ffff	-1	-1
360	0058	ffdd	88	-35
361	fff2	007d	-14	125
362	0000	0000	0	0
363	0000	ffff	0	-1
364	0000	fffe	0	-2
365	0001	ffff	1	-1
366	0000	0000	0	0
367	ffff	ffff	-1	-1
368	004a	ffd3	74	-45
369	00a7	ff4c	167	-180
370	0000	0000	0	0
371	0000	ffff	0	-1
372	0000	0000	0	0
373	0010	fffc	16	-4
374	0000	0000	0	0
375	ffff	ffff	-1	-1
376	0000	0038	0	56
377	ffff	0020	-1	32
378	0000	ffff	0	-1
379	0000	ffff	0	-1
380	0009	fff7	9	-9
381	0000	fffe	0	-2
382	0000	0000	0	0
383	ffff	fffe	-1	-2
384	001f	00a7	31	167
385	001e	ff54	30	-172
386	0000	0000	0	0
387	0000	0000	0	0
388	0000	0000	0	0
389	0009	0007	9	7
390	0000	0000	0	0
391	0000	0000	0	0
392	0000	ffde	0	-34
393	ffff	ffc5	-1	-59
394	0000	0000	0	0
395	ffff	0000	-1	0
396	0010	0002	16	2
397	0000	fffe	0	-2
398	0000	0000	0	0
399	ffff	ffff	-1	-1
400	00a6	00b0	166	176
401	004a	002b	74	43
402	0000	0000	0	0
403	ffff	0000	-1	0
404	0000	0000	0	0
405	0000	0000	0	0
406	0000	0000	0	0
407	0000	0000	0	0
408	fff3	ff82	-13	-126
409	0059	0021	89	33
410	0000	0000	0	0
411	0001	ffff	1	-1
412	ffff	0003	-1	3
413	0000	ffff	0	-1
414	0000	0000	0	0
415	0000	ffff	0	-1
416	fff7	0084	-9	132
417	005d	fe1e	93	-482
418	0000	0000	0	0
419	0000	0000	0	0
420	0000	0000	0	0
421	0006	0000	6	0
422	0000	0000	0	0
423	ffff	0000	-1	0
424	0001	fff3	1	-13
425	0026	001f	38	31
426	0000	0000	0	0
427	0000	0000	0	0
428	0000	fff1	0	-15
429	0000	ffff	0	-1
430	0000	0000	0	0
431	0000	ffff	0	-1
432	fffb	ffd8	-5	-40
433	ff31	0022	-207	34
434	0000	ffff	0	-1
435	0000	ffff	0	-1
436	0000	0000	0	0
437	0002	ffff	2	-1
438	0000	0000	0	0
439	0000	0000	0	0
440	ffe4	0069	-28	105
441	0010	ffff	16	-1
442	0000	0000	0	0
443	0000	0000	0	0
444	fffa	fff4	-6	-12
445	0000	ffff	0	-1
446	0000	0000	0	0
447	ffff	ffff	-1	-1
448	00f0	0299	240	665
449	022c	007f	556	127
450	0000	0000	0	0
451	0000	ffff	0	-1
452	0000	0000	0	0
453	0019	ffff	25	-1
454	0000	0000	0	0
455	0000	ffff	0	-1
456	fff2	0010	-14	16
457	00d7	ff1c	215	-228
458	0000	0000	0	0
459	ffff	ffff	-1	-1
460	0000	0000	0	0
461	0000	ffff	0	-1
462	0000	0000	0	0
463	0000	ffff	0	-1
464	ff66	0080	-154	128
465	000f	006a	15	106
466	0000	0000	0	0
467	ffff	0000	-1	0
468	0000	0000	0	0
469	0000	fffe	0	-2
470	0000	0000	0	0
471	ffff	ffff	-1	-1
472	0078	0025	120	37
473	0004	0001	4	1
474	0000	0000	0	0
475	0000	ffff	0	-1
476	000c	ffeb	12	-21
477	0000	fffe	0	-2
478	0000	ffff	0	-1
479	ffff	ffff	-1	-1
480	fef1	001a	-271	26
481	002e	ff77	46	-137
482	0000	0000	0	0
483	0000	0000	0	0
484	0000	0000	0	0
485	000f	fffb	15	-5
486	0000	0000	0	0
487	0000	0000	0	0
488	fff6	ffe7	-10	-25
489	fffa	0007	-6	7
490	0000	0000	0	0
491	0000	ffff	0	-1
492	ffff	0007	-1	7
493	0001	ffff	1	-1
494	0000	0000	0	0
495	0000	0000	0	0
496	ffe5	ff97	-27	-105
497	0076	0036	118	54
498	0000	0000	0	0
499	0000	ffff	0	-1
500	0000	0000	0	0
501	0001	ffff	1	-1
502	0000	0000	0	0
503	0000	0000	0	0
504	fffc	ffd1	-4	-47
505	0002	ffe8	2	-24
506	0000	0000	0	0
507	0000	ffff	0	-1
508	fff4	000a	-12	10
509	0000	fffe	0	-2
510	0000	ffff	0	-1
511	0000	fffe	0	-2
512	fee3	0040	-285	64
513	ff68	000a	-152	10
514	0000	0000	0	0
515	0000	ffff	0	-1
516	0000	ffff	0	-1
517	0000	000b	0	11
518	0000	0000	0	0
519	ffff	ffff	-1	-1
520	0000	0008	0	8
521	0009	ffdd	9	-35
522	0000	ffff	0	-1
523	0000	ffff	0	-1
524	0000	0000	0	0
525	0000	fffe	0	-2
526	0000	0000	0	0
527	ffff	0000	-1	0
528	0025	ff9b	37	-101
529	ffe0	00a4	-32	164
530	0000	0000	0	0
531	ffff	ffff	-1	-1
532	0000	0000	0	0
533	fff9	fff9	-7	-7
534	0000	0000	0	0
535	0000	0000	0	0
536	fff3	ffff	-13	-1
537	000b	0000	11	0
538	0000	0000	0	0
539	0000	0000	0	0
540	0003	fff1	3	-15
541	0000	ffff	0	-1
542	0000	0000	0	0
543	ffff	ffff	-1	-1
544	010e	0037	270	55
545	fe91	0174	-367	372
546	0000	0000	0	0
547	0000	0000	0	0
548	0000	0000	0	0
549	0011	0008	17	8
550	0000	0000	0	0
551	0000	0000	0	0
552	fff7	ffff	-9	-1
553	ffe1	ffc4	-31	-60
554	0000	0000	0	0
555	0000	0000	0	0
556	0001	0000	1	0
557	0001	ffff	1	-1
558	0000	0000	0	0
559	0000	0000	0	0
560	ff80	ffb7	-128	-73
561	ff30	0033	-208	51
562	0000	0000	0	0
563	0000	ffff	0	-1
564	0000	0000	0	0
565	0000	fffe	0	-2
566	0000	0000	0	0
567	ffff	0000	-1	0
568	0125	ffad	293	-83
569	fff3	0014	-13	20
570	0000	0000	0	0
571	0000	0000	0	0
572	fffe	ffef	-2	-17
573	0000	ffff	0	-1
574	0000	0000	0	0
575	ffff	ffff	-1	-1
576	00b2	fe1f	178	-481
577	fed2	ff02	-302	-254
578	0000	0000	0	0
579	0000	ffff	0	-1
580	0000	ffff	0	-1
581	0012	0002	18	2
582	0000	0000	0	0
583	ffff	0000	-1	0
584	0003	fffd	3	-3
585	ffee	fffc	-18	-4
586	0000	0000	0	0
587	0000	0000	0	0
588	0000	fffa	0	-6
589	0001	fffe	1	-2
590	0000	0000	0	0
591	0000	ffff	0	-1
592	fec1	00f2	-319	242
593	ffcc	0015	-52	21
594	0000	0000	0	0
595	0000	0000	0	0
596	0000	0000	0	0
597	0012	0002	18	2
598	0000	0000	0	0
599	0000	0000	0	0
600	001f	fff3	31	-13
601	fffa	001e	-6	30
602	0000	0000	0	0
603	0000	ffff	0	-1
604	ffff	0000	-1	0
605	0000	fffe	0	-2
606	0000	ffff	0	-1
607	ffff	ffff	-1	-1
608	014c	000a	332	10
609	ff17	ff89	-233	-119
610	0000	0000	0	0
611	0000	ffff	0	-1
612	0000	0000	0	0
613	fffb	fffb	-5	-5
614	0000	0000	0	0
615	0000	ffff	0	-1
616	001d	ffcd	29	-51
617	005b	0058	91	88
618	0000	0000	0	0
619	0000	ffff	0	-1
620	fffb	0002	-5	2
621	0000	ffff	0	-1
622	0000	0000	0	0
623	0000	ffff	0	-1
624	fff8	ffb3	-8	-77
625	0062	fec2	98	-318
626	0000	0000	0	0
627	0000	ffff	0	-1
628	0000	0000	0	0
629	0001	ffed	1	-19
630	0000	0000	0	0
631	ffff	ffff	-1	-1
632	0015	005f	21	95
633	000e	0018	14	24
634	0000	0000	0	0
635	0000	0000	0	0
636	fff8	fffd	-8	-3
637	0000	ffff	0	-1
638	0000	ffff	0	-1
639	ffff	ffff	-1	-1
640	0046	0032	70	50
641	ffd4	ff77	-44	-137
642	0000	ffff	0	-1
643	0000	ffff	0	-1
644	0000	ffff	0	-1
645	000c	fff8	12	-8
646	0000	0000	0	0
647	0000	0000	0	0
648	ffe8	ffe2	-24	-30
649	0017	ffa6	23	-90
650	0000	ffff	0	-1
651	0000	0000	0	0
652	0003	fff5	3	-11
653	0001	fffe	1	-2
654	0000	0000	0	0
655	0000	ffff	0	-1
656	007c	0079	124	121
657	001c	ff85	28	-123
658	0000	0000	0	0
659	0000	ffff	0	-1
660	0000	0000	0	0
661	0001	fffe	1	-2
662	0000	0000	0	0
663	0000	0000	0	0
664	ffc3	ffd5	-61	-43
665	005b	ffbe	91	-66
666	0000	0000	0	0
667	0000	ffff	0	-1
668	0000	0001	0	1
669	0000	fffe	0	-2
670	0000	ffff	0	-1
671	0000	ffff	0	-1
672	ffbc	0079	-68	121
673	fe41	fe6c	-447	-404
674	0000	0000	0	0
675	0000	0000	0	0
676	0000	0000	0	0
677	fffd	ffdf	-3	-33
678	0000	0000	0	0
679	ffff	0000	-1	0
680	0004	ffe1	4	-31
681	0032	001f	50	31
682	0000	0000	0	0
683	0000	ffff	0	-1
684	fff6	0000	-10	0
685	0001	ffff	1	-1
686	0000	0000	0	0
687	0000	ffff	0	-1
688	ffbb	ff8c	-69	-116
689	ffbe	ffaa	-66	-86
690	0000	0000	0	0
691	0000	ffff	0	-1
692	0000	0000	0	0
693	0000	fffe	0	-2
694	0000	0000	0	0
695	ffff	ffff	-1	-1
696	0046	005d	70	93
697	fffa	fff2	-6	-14
698	0000	0000	0	0
699	ffff	0000	-1	0
700	0000	000a	0	10
701	0000	ffff	0	-1
702	0000	0000	0	0
703	ffff	0000	-1	0
704	02f0	ffcd	752	-51
705	001a	fef7	26	-265
706	0000	0000	0	0
707	0000	0000	0	0
708	0000	0000	0	0
709	fffd	fff2	-3	-14
710	0000	0000	0	0
711	ffff	ffff	-1	-1
712	0015	0003	21	3
713	ffd7	ff54	-41	-172
714	0000	0000	0	0
715	0000	0000	0	0
716	0000	0000	0	0
717	0001	fffe	1	-2
718	0000	0000	0	0
719	0000	ffff	0	-1
720	ffcd	0007	-51	7
721	0009	ffa7	9	-89
722	0000	0000	0	0
723	0000	ffff	0	-1
724	0000	0000	0	0
725	0001	fffe	1	-2
726	0000	0000	0	0
727	ffff	0000	-1	0
728	0050	ffd4	80	-44
729	ffee	fff7	-18	-9
730	0000	0000	0	0
731	0000	0000	0	0
732	fff7	ffd6	-9	-42
733	0000	ffff	0	-1
734	0000	0000	0	0
735	0000	0000	0	0
736	ffa9	ff32	-87	-206
737	0055	ffe3	85	-29
738	0000	0000	0	0
739	0000	0000	0	0
740	0000	0000	0	0
741	0001	fff2	1	-14
742	0000	0000	0	0
743	0000	0000	0	0
744	ffca	000a	-54	10
745	ffee	0000	-18	0
746	0000	0000	0	0
747	0000	ffff	0	-1
748	0005	0005	5	5
749	0001	fffe	1	-2
750	0000	0000	0	0
751	0000	0000	0	0
752	ff95	ff7e	-107	-130
753	00aa	fffe	170	-2
754	0000	0000	0	0
755	0000	ffff	0	-1
756	0001	0000	1	0
757	0000	fffd	0	-3
758	0000	ffff	0	-1
759	0000	ffff	0	-1
760	ff9b	0005	-101	5
761	ffe2	ffe7	-30	-25
762	0000	0000	0	0
763	0000	ffff	0	-1
764	0008	0006	8	6
765	0000	ffff	0	-1
766	0000	0000	0	0
767	0000	ffff	0	-1
768	ffaf	00f0	-81	240
769	ffab	ff0a	-85	-246
770	0000	ffff	0	-1
771	0000	ffff	0	-1
772	0000	ffff	0	-1
773	0008	fff7	8	-9
774	0000	0000	0	0
775	0000	ffff	0	-1
776	ffe4	0015	-28	21
777	ff99	fff6	-103	-10
778	0000	0000	0	0
779	0000	ffff	0	-1
780	0000	0000	0	0
781	0001	fffe	1	-2
782	0000	0000	0	0
783	ffff	0000	-1	0
784	00aa	0000	170	0
785	ff94	0080	-108	128
786	0000	ffff	0	-1
787	0000	ffff	0	-1
788	0000	0000	0	0
789	0006	fff9	6	-7
790	0000	0000	0	0
791	0000	ffff	0	-1
792	ffef	fffe	-17	-2
793	ffc8	fff2	-56	-14
794	0000	ffff	0	-1
795	0000	ffff	0	-1
796	0000	000b	0	11
797	0000	ffff	0	-1
798	0000	ffff	0	-1
799	ffff	ffff	-1	-1
800	0055	0019	85	25
801	ffa7	00cb	-89	203
802	0000	0000	0	0
803	0000	0000	0	0
804	0000	0000	0	0
805	fff7	0029	-9	41
806	0000	0000	0	0
807	0000	ffff	0	-1
808	ffef	0005	-17	5
809	0051	002b	81	43
810	0000	0000	0	0
811	0000	ffff	0	-1
812	0001	0000	1	0
813	0001	fffe	1	-2
814	0000	0000	0	0
815	ffff	ffff	-1	-1
816	0009	0056	9	86
817	ffcb	fff5	-53	-11
818	0000	0000	0	0
819	0000	ffff	0	-1
820	0000	0000	0	0
821	0001	fffd	1	-3
822	0000	ffff	0	-1
823	0000	fffe	0	-2
824	ffd8	00a8	-40	168
825	0016	fffa	22	-6
826	0000	0000	0	0
827	0000	ffff	0	-1
828	fffe	000b	-2	11
829	0000	ffff	0	-1
830	0000	ffff	0	-1
831	ffff	ffff	-1	-1
832	001b	0105	27	261
833	02ef	0031	751	49
834	0000	0000	0	0
835	0000	0000	0	0
836	0000	0000	0	0
837	0000	fff4	0	-12
838	0000	0000	0	0
839	0000	ffff	0	-1
840	fffb	000b	-5	11
841	0046	ff9f	70	-97
842	0000	0000	0	0
843	0000	ffff	0	-1
844	0000	0000	0	0
845	0000	fffe	0	-2
846	0000	0000	0	0
847	0000	ffff	0	-1
848	ffc0	0052	-64	82
849	ffb9	0072	-71	114
850	0000	0000	0	0
851	ffff	ffff	-1	-1
852	0000	0000	0	0
853	fff5	ffff	-11	-1
854	0000	0000	0	0
855	0000	0000	0	0
856	0032	ffdf	50	-33
857	0005	001e	5	30
858	0000	0000	0	0
859	0000	ffff	0	-1
860	fffe	001e	-2	30
861	0000	fffe	0	-2
862	0000	0000	0	0
863	0000	ffff	0	-1
864	fe43	0190	-445	400
865	ffba	ff82	-70	-126
866	0000	0000	0	0
867	0000	0000	0	0
868	0000	0000	0	0
869	ffff	fffc	-1	-4
870	0000	0000	0	0
871	ffff	ffff	-1	-1
872	005b	003f	91	63
873	ffc2	002a	-62	42
874	0000	0000	0	0
875	0000	ffff	0	-1
876	0000	0000	0	0
877	0000	fffe	0	-2
878	0000	0000	0	0
879	ffff	ffff	-1	-1
880	001b	0077	27	119
881	007b	ff82	123	-126
882	0000	0000	0	0
883	0000	ffff	0	-1
884	0000	0000	0	0
885	0003	0009	3	9
886	0000	ffff	0	-1
887	ffff	ffff	-1	-1
888	0017	0056	23	86
889	ffe6	001c	-26	28
890	0000	ffff	0	-1
891	ffff	ffff	-1	-1
892	000b	0006	11	6
893	0000	ffff	0	-1
894	0000	0000	0	0
895	0000	ffff	0	-1
896	ffd7	0084	-41	132
897	0045	ffca	69	-54
898	0000	0000	0	0
899	0000	0000	0	0
900	0000	0000	0	0
901	fff7	0002	-9	2
902	0000	0000	0	0
903	ffff	ffff	-1	-1
904	000d	ffe6	13	-26
905	0015	ff9e	21	-98
906	0000	0000	0	0
907	0000	ffff	0	-1
908	0001	0010	1	16
909	0000	fffe	0	-2
910	0000	0000	0	0
911	ffff	ffff	-1	-1
912	0062	013a	98	314
913	fff7	004a	-9	74
914	0000	0000	0	0
915	0000	0000	0	0
916	0000	0000	0	0
917	fffa	fffb	-6	-5
918	0000	0000	0	0
919	ffff	0000	-1	0
920	005a	ffa7	90	-89
921	001e	0031	30	49
922	0000	0000	0	0
923	0000	ffff	0	-1
924	fffc	0002	-4	2
925	0000	ffff	0	-1
926	0000	0000	0	0
927	0000	ffff	0	-1
928	ff19	0073	-231	115
929	014b	fff2	331	-14
930	0000	0000	0	0
931	0000	0000	0	0
932	0000	0000	0	0
933	fffe	fffe	-2	-2
934	0000	0000	0	0
935	0000	ffff	0	-1
936	fffb	ffe0	-5	-32
937	001f	000c	31	12
938	0000	0000	0	0
939	0000	0000	0	0
940	0011	fffd	17	-3
941	0001	ffff	1	-1
942	0000	0000	0	0
943	0000	0000	0	0
944	ffce	ffe9	-50	-23
945	febf	ff0a	-321	-246
946	0000	0000	0	0
947	0000	ffff	0	-1
948	0000	0000	0	0
949	0000	0005	0	5
950	0000	0000	0	0
951	0000	ffff	0	-1
952	ffef	0000	-17	0
953	0004	0001	4	1
954	0000	0000	0	0
955	0000	0000	0	0
956	0012	fffd	18	-3
957	0000	ffff	0	-1
958	0000	0000	0	0
959	0000	ffff	0	-1
960	fed4	00f9	-300	249
961	00b1	01de	177	478
962	0000	0000	0	0
963	0000	0000	0	0
964	0000	0000	0	0
965	fffe	0010	-2	16
966	0000	0000	0	0
967	0001	ffff	1	-1
968	fff5	ffea	-11	-22
969	0126	0051	294	81
970	0000	ffff	0	-1
971	0000	ffff	0	-1
972	0000	0000	0	0
973	0001	fffe	1	-2
974	0000	0000	0	0
975	0000	ffff	0	-1
976	ff32	ffca	-206	-54
977	ff7f	0048	-129	72
978	0000	0000	0	0
979	0000	ffff	0	-1
980	0000	0000	0	0
981	0002	fffe	2	-2
982	0000	0000	0	0
983	0000	ffff	0	-1
984	ffe2	0039	-30	57
985	fff6	ffff	-10	-1
986	0000	0000	0	0
987	0000	0000	0	0
988	0011	fff7	17	-9
989	0000	ffff	0	-1
990	0000	0000	0	0
991	0000	0000	0	0
992	fe93	fe89	-365	-375
993	010d	ffc5	269	-59
994	0000	0000	0	0
995	ffff	ffff	-1	-1
996	0000	0000	0	0
997	0003	000e	3	14
998	0000	0000	0	0
999	ffff	ffff	-1	-1
1000	000a	fffe	10	-2
1001	fff1	0000	-15	0
1002	0000	0000	0	0
1003	0000	ffff	0	-1
1004	fffa	0004	-6	4
1005	0001	ffff	1	-1
1006	0000	0000	0	0
1007	0000	0000	0	0
1008	ffe2	ff5a	-30	-166
1009	0024	0063	36	99
1010	0000	0000	0	0
1011	0000	ffff	0	-1
1012	0000	0000	0	0
1013	0000	fffd	0	-3
1014	0000	0000	0	0
1015	ffff	ffff	-1	-1
1016	0009	001f	9	31
1017	0000	fff5	0	-11
1018	0000	0000	0	0
1019	ffff	0000	-1	0
1020	0000	fff5	0	-11
1021	0000	ffff	0	-1
1022	0000	0000	0	0
1023	0000	0000	0	0
