32767 0
32767 48
32767 32767
32767 32767
32767 32767
32767 32767
132 32767
287 32767
32767 172
32767 32767
968 32767
3012 201
32767 1659
114 32767
2233 515
717 1917
32767 1869
32767 1494
32767 32767
32767 818
32767 628
32767 32767
380 32767
1333 32767
32767 973
32767 32767
32767 32767
32767 32767
341 32767
350 32767
191 32767
1086 32767
682 845
32767 661
32767 418
32767 517
32767 32767
116 32767
305 175
32767 301
32767 245
32767 87
32767 154
32767 460
32767 32767
41 32767
67 428
32767 290
32767 168
32767 210
32767 32767
32767 32767
32767 32767
32767 32767
32767 143
32767 32767
32767 32767
400 32767
675 32767
502 32767
695 32767
686 32767
478 219
154 402
32767 108
42 32767
32767 184
32767 32767
32767 32767
98 32767
4 32767
89 32767
282 32767
32767 32767
32767 32767
287 32767
54 32767
32767 32767
867 32767
1180 329
31 654
32767 32767
488 32767
329 175
222 109
206 127
158 126
129 52
303 22
369 355
32767 503
32767 172
32767 35
32767 3
32767 29
32767 1
32767 32767
48 3
32767 99
32767 32767
32767 32767
370 32767
361 137
124 200
57 158
32767 126
13 50
25 125
32767 98
32767 32767
24 8
32767 32767
63 2
32767 84
32767 32767
94 32767
32767 69
32767 32767
69 2
19 9
89 12
62 100
1 133
32767 119
32767 23
32767 32767
11 32767
6 32767
50 32767
4 46
32767 32767
37 32767
0 32767
52 32767
41 31
32767 11
13 32767
76 11
32767 46
4 32767
23 18
32767 32767
105 32767
32767 66
22 32767
73 35
53 79
32767 166
32767 4
32767 32767
31 4
32767 32767
32767 3
32767 32767
32767 32767
2 32767
32767 32767
7 32767
65 32767
18 58
32767 9
32767 32767
0 32767
26 32767
19 4
5 32767
7 3
32767 32767
23 32767
76 10
2 60
32767 32767
3 32767
10 32767
4 32767
8 32767
5 32767
5 32767
7 32767
5 32767
11 32767
7 32767
14 32767
1 24
32767 32767
9 32767
72 32767
20 42
32767 3
7 32767
7 32767
4 32767
9 32767
7 32767
5 32767
8 32767
5 32767
7 32767
7 32767
7 32767
7 32767
6 32767
6 32767
7 32767
6 32767
7 32767
6 32767
7 32767
6 32767
7 32767
5 32767
8 32767
5 32767
7 32767
6 32767
6 32767
7 32767
5 32767
8 32767
5 32767
8 32767
7 32767
7 32767
7 32767
7 32767
7 32767
6 32767
6 32767
6 0
6 32767
5 0
6 32767
5 32767
5 32767
5 32767
5 32767
5 32767
6 32767
4 32767
6 32767
4 32767
6 32767
5 32767
5 32767
5 32767
6 32767
4 32767
6 32767
4 32767
5 32767
3 32767
6 32767
4 32767
5 32767
5 32767
4 32767
5 32767
4 32767
5 32767
4 32767
5 32767
5 32767
4 32767
5 32767
5 32767
4 32767
5 32767
5 32767
5 32767
5 32767
5 32767
4 32767
4 0
4 32767
4 0
4 32767
3 32767
4 32767
3 32767
4 32767
3 32767
3 32767
3 32767
4 32767
3 32767
3 32767
4 32767
2 32767
4 32767
2 32767
5 0
2 32767
3 32767
3 32767
3 32767
3 32767
3 32767
3 32767
4 32767
2 32767
4 0
3 32767
3 0
4 32767
2 0
4 32767
3 32767
4 32767
3 32767
4 32767
3 32767
3 32767
3 32767
4 32767
4 32767
3 32767
3 32767
3 32767
4 32767
4 32767
3 32767
4 32767
3 32767
4 32767
3 32767
4 32767
3 32767
3 32767
3 32767
3 32767
3 32767
4 32767
3 32767
3 32767
3 32767
3 0
4 32767
3 0
4 32767
3 32767
4 32767
3 32767
3 32767
4 32767
3 32767
3 32767
3 32767
3 32767
3 32767
3 32767
4 32767
2 0
4 0
3 32767
3 32767
2 0
4 32767
2 32767
4 32767
2 32767
3 1
3 32767
2 32767
3 32767
3 32767
3 32767
3 32767
3 32767
3 32767
3 32767
3 32767
3 32767
3 32767
3 32767
3 32767
3 32767
3 0
3 32767
3 32767
3 32767
2 32767
3 0
3 32767
2 0
4 32767
2 32767
3 32767
2 32767
4 32767
2 0
4 32767
2 32767
3 32767
3 32767
3 32767
3 32767
3 32767
3 32767
3 32767
3 32767
2 32767
4 1
3 32767
3 32767
3 32767
2 32767
3 0
3 32767
3 0
3 32767
2 32767
3 0
3 32767
2 0
3 32767
2 32767
3 32767
3 0
4 32767
2 32767
3 32767
3 32767
3 0
3 32767
2 32767
3 32767
2 32767
3 0
3 32767
3 32767
2 32767
3 0
2 32767
3 0
3 32767
3 32767
2 32767
3 32767
2 32767
3 0
3 32767
2 32767
3 32767
3 32767
3 32767
2 32767
3 32767
3 32767
2 32767
3 0
3 32767
2 32767
3 0
3 32767
3 32767
3 32767
3 0
3 32767
2 32767
3 0
3 32767
2 0
3 32767
2 32767
3 0
3 32767
2 32767
3 32767
3 0
3 0
2 32767
3 32767
3 32767
3 32767
3 32767
3 0
3 32767
3 32767
3 32767
3 0
3 32767
3 32767
3 32767
3 32767
3 32767
3 32767
3 32767
3 32767
3 32767
3 32767
3 32767
3 32767
3 32767
3 32767
3 0
3 32767
3 32767
3 32767
3 32767
3 0
3 0
3 0
3 0
3 32767
3 32767
3 32767
3 0
3 32767
3 32767
3 32767
3 0
3 32767
3 0
3 0
3 32767
2 0
3 0
3 0
3 32767
3 0
3 0
3 0
3 32767
3 32767
3 32767
3 32767
3 0
3 0
3 0
3 0
3 32767
3 0
3 0
3 0
3 0
3 0
3 0
3 0
3 0
3 0
3 0
3 0
3 0
3 0
3 0
3 32767
3 0
3 0
3 0
3 32767
3 0
3 0
3 0
3 0
2 0
3 32767
3 32767
3 0
2 0
3 0
3 32767
2 0
3 0
2 32767
3 1
3 32767
2 0
3 1
3 32767
3 0
3 0
3 0
3 32767
2 1
3 0
3 32767
2 1
3 0
3 0
2 0
3 1
3 0
3 0
2 0
3 1
3 32767
2 1
3 0
2 0
3 1
3 0
3 32767
2 0
3 32767
2 0
3 1
3 0
3 32767
2 0
3 0
2 0
3 1
3 32767
3 0
3 0
2 0
4 1
2 32767
3 1
2 0
3 1
2 32767
3 1
3 32767
2 0
3 0
3 32767
3 1
3 32767
2 0
3 0
3 0
3 1
4 32767
2 1
3 1
3 0
3 1
3 0
3 0
3 0
3 1
3 0
2 1
4 1
2 32767
4 1
2 0
3 1
2 0
4 1
2 32767
3 1
3 32767
2 0
3 1
3 1
3 0
3 32767
3 1
3 0
3 0
3 0
3 1
3 1
3 0
3 0
3 1
3 1
3 0
3 1
3 0
2 0
3 1
3 32767
2 1
5 0
2 0
4 1
2 32767
3 1
3 1
4 32767
2 32767
4 1
3 0
3 0
3 1
3 1
3 0
3 1
4 1
3 0
3 1
4 0
3 0
4 1
3 32767
4 2
3 32767
3 1
3 0
3 1
4 1
3 0
3 0
3 1
4 0
3 1
4 1
3 1
4 0
3 1
4 1
3 1
4 2
4 1
3 1
3 2
3 1
4 1
4 1
3 1
3 1
3 1
4 1
3 1
4 1
3 1
4 2
2 32767
4 2
3 32767
3 3
4 32767
2 2
4 1
3 1
3 1
3 2
3 0
3 2
3 0
2 2
5 32767
2 1
4 1
3 0
4 1
3 1
3 0
4 0
3 0
3 1
3 1
4 0
3 0
4 0
3 32767
4 0
4 32767
4 0
4 32767
4 0
5 0
5 0
5 1
5 0
5 1
4 0
5 2
5 0
4 1
5 2
5 0
4 2
5 1
4 1
5 1
4 0
5 1
5 0
4 2
6 0
3 1
5 1
4 1
6 1
4 1
6 1
5 1
5 1
5 1
6 1
4 1
6 1
4 0
6 2
5 0
5 2
5 1
5 1
5 1
6 1
5 32767
6 2
6 32767
6 1
6 0
7 2
7 0
7 3
7 1
7 4
8 0
5 3
8 3
5 2
7 3
6 2
6 3
7 2
5 3
8 3
5 2
7 3
6 2
7 3
6 2
7 3
6 2
7 3
6 2
6 3
7 3
7 3
7 3
7 4
5 4
8 3
5 3
7 4
9 1
4 6
7 2
7 6
32767 32767
20 32767
72 15
9 73
32767 12
1 32767
14 3
7 4
11 5
5 7
7 4
5 6
5 4
8 6
4 7
11 5
3 25
32767 2
2 32767
76 32767
23 57
32767 16
7 32767
5 6
19 32767
26 25
0 37
32767 24
32767 32767
18 32767
65 17
7 52
32767 15
2 13
32767 18
32767 19
32767 32767
32767 7
31 32767
32767 130
32767 32767
32767 32767
53 32767
73 32767
22 34
32767 32767
105 2
32767 52
23 32767
4 47
32767 32767
76 32767
13 60
32767 32767
41 32767
52 32
0 27
37 34
32767 48
4 32767
50 37
6 42
11 90
32767 95
32767 32767
32767 32767
1 32767
62 32767
89 32767
19 32767
69 32767
32767 53
32767 32767
94 20
32767 75
32767 32767
63 32767
32767 1
24 32767
32767 30
32767 32767
26 32767
13 32767
32767 32767
57 32767
124 32767
361 32767
370 259
32767 369
32767 50
32767 32767
48 32767
32767 32
32767 32767
32767 32767
32767 32767
32767 32767
32767 32767
32767 32767
369 32767
303 32767
129 32767
158 32767
206 32767
222 32767
329 32767
488 159
32767 238
31 32767
1180 32767
867 906
32767 683
54 79
287 381
32767 431
32767 12
282 152
89 389
4 232
98 355
32767 451
32767 34
32767 32767
42 135
32767 32767
154 32767
478 32767
686 2
695 411
502 499
675 715
400 1267
32767 1546
32767 981
32767 32767
32767 341
32767 193
32767 39
32767 521
32767 32767
32767 32767
32767 32767
67 32767
41 353
32767 51
32767 32767
32767 32767
32767 32767
32767 32767
32767 32767
305 32767
116 488
32767 184
32767 32767
32767 32767
32767 32767
682 32767
1086 231
191 540
350 112
341 752
32767 500
32767 539
32767 471
32767 32767
1334 52
380 1921
32767 1611
32767 32767
32767 32767
32767 116
32767 32767
32767 32767
718 32767
2233 32767
115 1055
32767 32767
3013 32767
968 2669
32767 1008
32767 32767
288 211
132 682
32767 538
32767 523
32767 974
32767 271
32767 32767
