real_q97 imag_q97
-395 0
-259 -415
524 31
-3134 -3057
1421 1073
-9 -2164
-38 -3402
-627 3243
-978 -3695
-42 1766
-2275 3933
-9102 -12733
-689 70
123 1523
239 4709
-761 2583
-2905 3415
3939 563
812 1024
-226 2477
3879 1539
2819 -680
3922 3688
1189 -675
1433 -765
-5247 3604
-1336 1998
407 -350
50 50
28 -1610
-168 578
174 -579
35 -495
-2853 1179
61 863
25 606
1107 795
-1435 760
389 118
322 838
-114 1272
-441 710
377 -761
553 142
1845 -1451
-1184 1448
-1091 -2120
222 338
-102 447
-7 916
-28 113
-100 72
26 347
-647 563
37 180
-1029 1690
291 -1199
-152 126
-1827 1671
1626 -3
-2 -875
610 -484
-1037 -87
241 58
141 -93
-181 -176
-640 -217
449 802
88 258
297 144
322 -493
-319 2
604 181
-335 164
-228 -32
137 -567
-168 197
-142 484
269 480
-222 173
-75 -297
48 -33
38 -59
192 -78
-433 -6
-343 171
13 -133
-247 290
205 154
-430 92
0 182
45 39
43 148
124 109
117 72
-27 -191
-42 260
-16 208
-71 110
-106 181
-215 420
11 -147
75 29
-22 38
-1 46
68 72
37 41
-64 86
-3 35
46 33
-36 148
-16 69
10 125
8 232
-73 67
-21 127
-14 82
-8 102
40 112
-15 62
52 154
-15 74
5 72
-44 82
-37 -22
-36 67
-12 80
-21 33
5 -40
-4 48
51 42
-40 62
-40 56
-29 58
-19 64
-17 14
28 78
-13 43
-12 51
-13 54
-10 56
-5 68
-14 36
-38 59
-15 71
23 40
7 57
31 60
-46 14
-28 36
-31 43
-25 44
-21 44
-16 50
-9 44
-18 37
-23 32
-29 41
-22 41
-28 39
-28 53
-22 51
-24 48
-22 46
-21 47
-24 48
-26 45
-25 42
-23 40
-19 38
-16 40
-6 59
-68 17
-13 44
-28 38
-25 37
-19 39
-22 42
-24 33
-21 45
-17 37
-18 36
-24 38
-28 41
-44 42
-21 37
-14 35
-25 39
-21 34
-20 41
-21 37
-26 33
-21 36
-17 32
-14 47
-18 41
-25 38
-20 32
-25 31
-24 42
-33 32
-28 33
-26 37
-22 32
-23 35
-20 29
-24 35
-23 33
-24 33
-33 28
-25 35
-25 32
-18 35
-24 35
-22 32
-23 31
-29 39
-22 26
-25 30
-27 34
-24 30
-23 28
-19 32
-19 29
-27 29
-21 28
-25 34
-21 30
-17 29
-24 29
-30 24
-26 30
-29 24
-25 26
-29 28
-27 25
-18 26
-26 31
-23 30
-26 30
-26 22
-20 27
-25 29
-27 27
-20 28
-20 24
-22 28
-22 27
-27 23
-23 27
-19 19
-24 24
-23 25
-24 23
-19 22
-25 28
-21 33
-25 23
-25 25
-28 29
-23 22
-25 25
-20 27
-24 24
-21 28
-20 25
-23 27
-25 21
-24 27
-21 23
-26 24
-20 23
-26 20
-24 21
-22 22
-24 27
-21 21
-25 26
-23 24
-22 21
-22 19
-22 24
-23 21
-21 23
-26 20
-27 21
-25 22
-24 22
-24 22
-24 21
-24 21
-26 24
-29 18
-20 23
-20 20
-26 21
-24 23
-22 22
-26 22
-26 18
-23 24
-26 17
-23 18
-26 17
-22 17
-24 13
-24 18
-24 18
-25 21
-25 16
-22 18
-22 19
-23 20
-19 17
-24 19
-25 18
-25 18
-26 18
-25 17
-19 20
-21 13
-24 19
-24 18
-24 16
-23 11
-21 11
-20 17
-24 17
-24 16
-24 16
-24 12
-23 19
-25 14
-21 17
-26 16
-25 15
-25 15
-26 17
-22 14
-26 12
-24 17
-26 14
-19 10
-26 14
-25 14
-25 13
-28 14
-20 12
-26 15
-26 11
-21 18
-26 14
-24 14
-27 15
-28 11
-27 12
-21 14
-22 12
-27 10
-20 14
-24 13
-25 12
-24 12
-24 12
-26 12
-24 15
-27 10
-25 12
-27 12
-28 12
-22 14
-21 13
-23 11
-24 12
-23 10
-25 14
-24 11
-25 12
-22 9
-27 13
-23 10
-24 11
-24 11
-24 11
-23 8
-22 13
-22 13
-23 10
-24 10
-22 9
-27 11
-29 10
-23 10
-24 10
-24 9
-24 8
-28 13
-22 8
-20 7
-26 10
-24 10
-20 11
-26 11
-21 8
-26 3
-22 6
-27 8
-26 8
-29 7
-25 8
-21 7
-22 7
-22 13
-18 7
-21 6
-25 10
-24 5
-21 9
-24 8
-24 8
-24 7
-25 7
-21 5
-23 8
-24 8
-24 7
-23 7
-21 10
-26 8
-24 7
-24 7
-24 8
-25 8
-25 7
-25 7
-25 3
-24 8
-25 7
-24 8
-23 9
-23 3
-24 6
-24 6
-24 5
-27 6
-23 5
-25 2
-24 5
-24 4
-24 4
-24 5
-22 6
-19 5
-25 5
-24 4
-24 4
-23 1
-26 3
-24 4
-23 5
-21 1
-28 1
-25 4
-24 4
-25 4
-24 3
-24 3
-24 3
-24 3
-24 3
-24 3
-24 3
-24 3
-24 3
-24 3
-24 3
-24 3
-24 3
-24 3
-24 2
-24 3
-24 2
-24 2
-24 2
-24 2
-24 2
-24 2
-24 2
-24 2
-24 2
-24 2
-24 2
-24 2
-24 2
-24 1
-24 1
-24 1
-24 1
-24 1
-24 1
-24 1
-24 1
-24 1
-24 1
-24 1
-24 0
-24 0
-24 0
-24 0
-24 0
-24 0
-24 0
-24 0
-24 0
-24 0
-24 0
-24 0
-24 0
-24 0
-24 0
-24 -1
-24 -1
-24 -1
-24 -1
-24 -1
-24 -1
-24 -1
-24 -1
-24 -1
-24 -1
-24 -1
-24 -2
-24 -2
-24 -2
-24 -2
-24 -2
-24 -2
-24 -2
-24 -2
-24 -2
-24 -2
-24 -2
-24 -2
-24 -2
-24 -3
-24 -2
-24 -3
-24 -3
-24 -3
-24 -3
-24 -3
-24 -3
-24 -3
-24 -3
-24 -3
-24 -3
-24 -3
-24 -3
-24 -3
-24 -3
-25 -4
-24 -4
-25 -4
-28 -1
-21 -1
-23 -5
-24 -4
-26 -3
-23 -1
-24 -4
-24 -4
-25 -5
-19 -5
-22 -6
-24 -5
-24 -4
-24 -4
-24 -5
-25 -2
-23 -5
-27 -6
-24 -5
-24 -6
-24 -6
-23 -3
-23 -9
-24 -8
-25 -7
-24 -8
-25 -3
-25 -7
-25 -7
-25 -8
-24 -8
-24 -7
-24 -7
-26 -8
-21 -10
-23 -7
-24 -7
-24 -8
-23 -8
-21 -5
-25 -7
-24 -7
-24 -8
-24 -8
-21 -9
-24 -5
-25 -10
-21 -6
-18 -7
-22 -13
-22 -7
-21 -7
-25 -8
-29 -7
-26 -8
-27 -8
-22 -6
-26 -3
-21 -8
-26 -11
-20 -11
-24 -10
-26 -10
-20 -7
-22 -8
-28 -13
-24 -8
-24 -9
-24 -10
-23 -10
-29 -10
-27 -11
-22 -9
-24 -10
-23 -10
-22 -13
-22 -13
-23 -8
-24 -11
-24 -11
-24 -11
-23 -10
-27 -13
-22 -9
-25 -12
-24 -11
-25 -14
-23 -10
-24 -12
-23 -11
-21 -13
-22 -14
-28 -12
-27 -12
-25 -12
-27 -10
-24 -15
-26 -12
-24 -12
-24 -12
-25 -12
-24 -13
-20 -14
-27 -10
-22 -12
-21 -14
-27 -12
-28 -11
-27 -15
-24 -14
-26 -14
-21 -18
-26 -11
-26 -15
-20 -12
-28 -14
-25 -13
-25 -14
-26 -14
-19 -10
-26 -14
-24 -17
-26 -12
-22 -14
-26 -17
-25 -15
-25 -15
-26 -16
-21 -17
-25 -14
-23 -19
-24 -12
-24 -16
-24 -16
-24 -17
-20 -17
-21 -11
-23 -11
-24 -16
-24 -18
-24 -19
-21 -13
-19 -20
-25 -17
-26 -18
-25 -18
-25 -18
-24 -19
-19 -17
-23 -20
-22 -19
-22 -18
-25 -16
-25 -21
-24 -18
-24 -18
-24 -13
-22 -17
-26 -17
-23 -18
-26 -17
-23 -24
-26 -18
-26 -22
-22 -22
-24 -23
-26 -21
-20 -20
-20 -23
-29 -18
-26 -24
-24 -21
-24 -21
-24 -22
-24 -22
-25 -22
-27 -21
-26 -20
-21 -23
-23 -21
-22 -24
-22 -19
-22 -21
-23 -24
-25 -26
-21 -21
-24 -27
-22 -22
-24 -21
-26 -20
-20 -23
-26 -24
-21 -23
-24 -27
-25 -21
-23 -27
-20 -25
-21 -28
-24 -24
-20 -27
-25 -25
-23 -22
-28 -29
-25 -25
-25 -23
-21 -33
-25 -28
-19 -22
-24 -23
-23 -25
-24 -24
-19 -19
-23 -27
-27 -23
-22 -27
-22 -28
-20 -24
-20 -28
-27 -27
-25 -29
-20 -27
-26 -22
-26 -30
-23 -30
-26 -31
-18 -26
-27 -25
-29 -28
-25 -26
-29 -24
-26 -30
-30 -24
-24 -29
-17 -29
-21 -30
-25 -34
-21 -28
-27 -29
-19 -29
-19 -32
-23 -28
-24 -30
-27 -34
-25 -30
-22 -26
-29 -39
-23 -31
-22 -32
-24 -35
-18 -35
-25 -32
-25 -35
-33 -28
-24 -33
-23 -33
-24 -35
-20 -29
-23 -35
-22 -32
-26 -37
-28 -33
-33 -32
-24 -42
-25 -31
-20 -32
-25 -38
-18 -41
-14 -47
-17 -32
-21 -36
-26 -33
-21 -37
-20 -41
-21 -34
-25 -39
-14 -35
-21 -37
-44 -42
-28 -41
-24 -38
-18 -36
-17 -37
-21 -45
-24 -33
-22 -42
-19 -39
-25 -37
-28 -38
-13 -44
-68 -17
-6 -59
-16 -40
-19 -38
-23 -40
-25 -42
-26 -45
-24 -48
-21 -47
-22 -46
-24 -48
-22 -51
-28 -53
-28 -39
-22 -41
-29 -41
-23 -32
-18 -37
-9 -44
-16 -50
-21 -44
-25 -44
-31 -43
-28 -36
-46 -14
31 -60
7 -57
23 -40
-15 -71
-38 -59
-14 -36
-5 -68
-10 -56
-13 -54
-12 -51
-13 -43
28 -78
-17 -14
-19 -64
-29 -58
-40 -56
-40 -62
51 -42
-4 -48
5 40
-21 -33
-12 -80
-36 -67
-37 22
-44 -82
5 -72
-15 -74
52 -154
-15 -62
40 -112
-8 -102
-14 -82
-21 -127
-73 -67
8 -232
10 -125
-16 -69
-36 -148
46 -33
-3 -35
-64 -86
37 -41
68 -72
-1 -46
-22 -38
75 -29
11 147
-215 -420
-106 -181
-71 -110
-16 -208
-42 -260
-27 191
117 -72
124 -109
43 -148
45 -39
0 -182
-430 -92
205 -154
-247 -290
13 133
-343 -171
-433 6
192 78
38 59
48 33
-75 297
-222 -173
269 -480
-142 -484
-168 -197
137 567
-228 32
-335 -164
604 -181
-319 -2
322 493
297 -144
88 -258
449 -802
-640 217
-181 176
141 93
241 -58
-1037 87
610 484
-2 875
1626 3
-1827 -1671
-152 -126
291 1199
-1029 -1690
37 -180
-647 -563
26 -347
-100 -72
-28 -113
-7 -916
-102 -447
222 -338
-1091 2120
-1184 -1448
1845 1451
553 -142
377 761
-441 -710
-114 -1272
322 -838
389 -118
-1435 -760
1107 -795
25 -606
61 -863
-2853 -1179
35 495
174 579
-168 -578
28 1610
50 -50
407 350
-1336 -1998
-5247 -3604
1433 765
1189 675
3922 -3688
2819 680
3879 -1539
-226 -2477
812 -1024
3939 -563
-2905 -3415
-761 -2583
239 -4709
123 -1523
-689 -70
-9102 12733
-2275 -3933
-42 -1766
-978 3695
-627 -3243
-38 3402
-9 2164
1421 -1073
-3134 3057
524 -31
-259 415
