real_q97 imag_q97
-916 0
-1014 239
-770 416
6198 -739
-962 -1972
-1401 621
-1178 -207
5368 2367
2490 3925
223 -1471
-4322 -3479
-16389 -4261
1704 -363
-2660 3566
-3292 544
-1318 2324
-4265 5528
6560 -5407
2823 -1367
998 540
-1991 -3989
-1057 -1985
2841 -4975
-658 172
365 690
-4045 -6334
-581 -1616
-256 255
105 -368
-378 -1948
-105 502
291 -665
14 -125
-3318 3554
-127 -535
50 -257
185 443
715 -1741
126 470
-212 -2413
-454 -69
-769 -4
319 570
-842 650
-294 1729
-160 -777
-2007 2210
96 -432
-46 -377
229 -303
55 -535
-549 -28
-568 0
36 -199
-665 -188
-2005 1128
2740 -1404
668 -1388
1509 -2794
586 1465
269 -369
568 -638
-1240 480
495 -104
651 20
-235 501
-126 880
193 -497
-116 -96
-216 -98
522 -15
158 179
380 210
-465 -400
-95 -160
-721 -207
50 -143
395 -225
-131 -771
222 -264
1 -293
-35 -243
-101 -257
-247 -211
850 -429
559 -49
601 52
35 19
-36 -114
271 -610
-208 2
77 -74
78 -85
72 -172
-10 -179
123 -162
-175 -235
118 11
-30 127
-72 -124
-2 317
-171 242
62 30
58 5
27 0
38 -71
66 -114
28 -104
55 -46
73 -194
-112 -31
-16 -19
-57 -56
-8 -126
70 -62
28 -42
24 -41
28 -34
9 -34
29 -117
76 -79
-5 -28
4 -48
53 -15
60 -185
-64 -71
-22 -71
4 -80
-5 -12
39 -104
16 -64
11 -60
18 -59
16 -63
-5 -93
22 6
23 -56
23 -54
23 -53
25 -53
28 -52
22 -52
24 -50
29 -55
33 -54
29 -29
12 -42
90 -65
-81 -52
20 -50
9 -26
11 -36
13 -37
16 -38
19 -39
29 -37
10 -17
-3 -37
7 -42
1 -38
6 -27
19 -26
23 -35
19 -39
19 -36
19 -37
19 -37
19 -37
19 -37
20 -38
17 -39
15 -35
15 -35
12 -34
33 -47
20 -40
20 -38
22 -36
24 -38
16 -35
11 -37
15 -36
17 -34
17 -39
-4 -19
16 -25
14 -24
-1 -34
17 -26
18 -29
19 -30
18 -31
17 -29
19 -28
19 -27
13 -31
17 -35
19 -31
18 -31
17 -29
19 -14
19 -41
16 -36
18 -32
17 -30
17 -28
19 -29
13 -30
27 -28
14 -15
22 -29
22 -27
20 -27
20 -27
20 -26
16 -28
33 -20
19 -30
21 -29
21 -27
22 -25
22 -34
13 -15
21 -33
18 -33
31 -23
16 -26
20 -25
20 -25
20 -25
20 -24
20 -25
16 -30
19 -17
18 -21
14 -25
20 -28
20 -25
20 -24
20 -24
20 -24
20 -24
20 -24
20 -24
20 -24
23 -26
24 -19
16 -20
19 -24
20 -22
20 -22
19 -22
19 -23
22 -23
21 -19
23 -16
10 -19
24 -20
24 -20
21 -17
21 -16
15 -20
24 -13
20 -17
18 -18
19 -21
19 -19
19 -18
20 -17
22 -16
19 -17
20 -20
20 -12
24 -25
20 -18
16 -11
24 -21
21 -15
20 -17
20 -18
19 -17
20 -17
21 -17
21 -17
22 -16
18 -14
18 -19
23 -16
23 -14
23 -17
21 -17
19 -16
19 -17
19 -17
20 -18
20 -17
20 -17
20 -16
20 -15
16 -15
17 -19
18 -21
24 -21
24 -17
22 -19
16 -19
24 -18
18 -16
20 -16
20 -18
21 -11
22 -14
22 -17
18 -11
20 -14
20 -15
23 -14
21 -12
19 -14
21 -8
24 -13
15 -14
18 -15
20 -17
22 -14
19 -12
25 -13
19 -16
22 -9
21 -11
25 -16
21 -15
21 -16
26 -13
20 -9
19 -12
20 -12
21 -12
23 -13
19 -19
20 -17
10 -9
23 -11
26 -10
22 -13
21 -13
20 -13
19 -12
20 -15
22 -6
18 -10
21 -11
22 -11
21 -12
24 -12
15 -9
22 -11
21 -10
20 -9
21 -8
21 -7
19 -11
18 -12
19 -14
21 -12
20 -12
21 -11
20 -11
20 -11
21 -11
23 -9
19 -8
20 -10
20 -10
21 -11
16 -13
23 -9
20 -8
20 -9
21 -5
21 -10
21 -8
23 -7
13 -8
21 -10
21 -10
16 -9
22 -8
22 -9
16 -9
20 -7
19 -8
20 -10
12 -7
23 -6
20 -12
21 -9
23 -4
21 -8
22 -6
23 -7
22 -8
22 -8
21 -8
21 -8
21 -8
21 -7
21 -10
20 -4
21 -7
21 -7
21 -7
21 -7
21 -6
21 -6
21 -6
21 -5
19 -5
20 -8
22 -7
22 -7
20 -6
16 -8
19 -8
20 -6
20 -7
20 -6
20 -6
20 -7
21 -8
22 -6
23 -5
22 -4
21 -5
22 -4
20 -2
18 -5
20 -6
20 -6
20 -6
23 -6
21 -3
19 -5
23 -6
22 -3
20 -4
20 -4
20 -4
20 -4
20 -4
20 -4
19 -4
20 -6
20 -6
22 -5
22 -4
21 -5
24 -4
22 -1
20 -3
21 -3
21 -3
21 -3
21 -3
21 -3
21 -3
21 -3
21 -3
21 -3
21 -3
21 -3
21 -3
21 -2
20 -2
21 -2
21 -2
21 -2
21 -2
21 -2
21 -2
21 -2
21 -2
21 -2
21 -2
21 -2
21 -2
20 -2
21 -2
21 -1
21 -1
20 -1
21 -1
21 -1
21 -1
21 -1
21 -1
21 -1
21 -1
21 -1
21 -1
21 -1
21 -1
21 -1
21 -1
21 -1
21 0
21 0
21 0
20 0
20 0
21 0
21 0
20 0
21 0
21 0
20 0
20 0
21 0
21 0
21 0
21 1
21 1
21 1
21 1
21 1
21 1
21 1
21 1
21 1
21 1
21 1
21 1
21 1
21 1
20 1
21 1
21 1
21 2
20 2
21 2
21 2
21 2
21 2
21 2
21 2
21 2
21 2
21 2
21 2
21 2
21 2
20 2
21 2
21 3
21 3
21 3
21 3
21 3
21 3
21 3
21 3
21 3
21 3
21 3
21 3
20 3
22 1
24 4
21 5
22 4
22 5
20 6
20 6
19 4
20 4
20 4
20 4
20 4
20 4
20 4
22 3
23 6
19 5
21 3
23 6
20 6
20 6
20 6
18 5
20 2
22 4
21 5
22 4
23 5
22 6
21 8
20 7
20 6
20 6
20 7
20 6
19 8
16 8
20 6
22 7
22 7
20 8
19 5
21 5
21 6
21 6
21 6
21 7
21 7
21 7
21 7
20 4
21 10
21 7
21 8
21 8
21 8
22 8
22 8
23 7
22 6
21 8
23 4
21 9
20 12
23 6
12 7
20 10
19 8
20 7
16 9
22 9
22 8
16 9
21 10
21 10
13 8
23 7
21 8
21 10
21 5
20 9
20 8
23 9
16 13
21 11
20 10
20 10
19 8
23 9
21 11
20 11
20 11
21 11
20 12
21 12
19 14
18 12
19 11
21 7
21 8
20 9
21 10
22 11
15 9
24 12
21 12
22 11
21 11
18 10
22 6
20 15
19 12
20 13
21 13
22 13
26 10
23 11
10 9
20 17
19 19
23 13
21 12
20 12
19 12
20 9
26 13
21 16
21 15
25 16
21 11
22 9
19 16
25 13
19 12
22 14
20 17
18 15
15 14
24 13
21 8
19 14
21 12
23 14
20 15
20 14
18 11
22 17
22 14
21 11
20 18
20 16
18 16
24 18
16 19
22 19
24 17
24 21
18 21
17 19
16 15
20 15
20 16
20 17
20 17
20 18
19 17
19 17
19 16
21 17
23 17
23 14
23 16
18 19
18 14
22 16
21 17
21 17
20 17
19 17
20 18
20 17
21 15
24 21
16 11
20 18
24 25
20 12
20 20
19 17
22 16
20 17
19 18
19 19
19 21
18 18
20 17
24 13
15 20
21 16
21 17
24 20
24 20
10 19
23 16
21 19
22 23
19 23
19 22
20 22
20 22
19 24
16 20
24 19
23 26
20 24
20 24
20 24
20 24
20 24
20 24
20 24
20 25
20 28
14 25
18 21
19 17
16 30
20 25
20 24
20 25
20 25
20 25
16 26
31 23
18 33
21 33
13 15
22 34
22 25
21 27
21 29
19 30
33 20
16 28
20 26
20 27
20 27
22 27
22 29
14 15
27 28
13 30
19 29
17 28
17 30
18 32
16 36
19 41
19 14
17 29
18 31
19 31
17 35
13 31
19 27
19 28
17 29
18 31
19 30
18 29
17 26
-1 34
14 24
16 25
-4 19
17 39
17 34
15 36
11 37
16 35
24 38
22 36
20 38
20 40
33 47
12 34
15 35
15 35
17 39
20 38
19 37
19 37
19 37
19 37
19 36
19 39
23 35
19 26
6 27
1 38
7 42
-3 37
10 17
29 37
19 39
16 38
13 37
11 36
9 26
20 50
-81 52
90 65
12 42
29 29
33 54
29 55
24 50
22 52
28 52
25 53
23 53
23 54
23 56
22 -6
-5 93
16 63
18 59
11 60
16 64
39 104
-5 12
4 80
-22 71
-64 71
60 185
53 15
4 48
-5 28
76 79
29 117
9 34
28 34
24 41
28 42
70 62
-8 126
-57 56
-16 19
-112 31
73 194
55 46
28 104
66 114
38 71
27 0
58 -5
62 -30
-171 -242
-2 -317
-72 124
-30 -127
118 -11
-175 235
123 162
-10 179
72 172
78 85
77 74
-208 -2
271 610
-36 114
35 -19
601 -52
559 49
850 429
-247 211
-101 257
-35 243
1 293
222 264
-131 771
395 225
50 143
-721 207
-95 160
-465 400
380 -210
158 -179
522 15
-216 98
-116 96
193 497
-126 -880
-235 -501
651 -20
495 104
-1240 -480
568 638
269 369
586 -1465
1509 2794
668 1388
2740 1404
-2005 -1128
-665 188
36 199
-568 0
-549 28
55 535
229 303
-46 377
96 432
-2007 -2210
-160 777
-294 -1729
-842 -650
319 -570
-769 4
-454 69
-212 2413
126 -470
715 1741
185 -443
50 257
-127 535
-3318 -3554
14 125
291 665
-105 -502
-378 1948
105 368
-256 -255
-581 1616
-4045 6334
365 -690
-658 -172
2841 4975
-1057 1985
-1991 3989
998 -540
2823 1367
6560 5407
-4265 -5528
-1318 -2324
-3292 -544
-2660 -3566
1704 363
-16389 4261
-4322 3479
223 1471
2490 -3925
5368 -2367
-1178 207
-1401 -621
-962 1972
6198 739
-770 -416
-1014 -239
