real_q97 imag_q97
-333 0
35 -59
220 -369
752 1373
-1470 2377
-1574 1513
-1082 386
4765 -4277
5470 -3477
-811 -1779
2591 1951
-993 -15121
1719 2632
-243 -1166
2818 340
487 -127
1140 -323
-2900 -1097
-1389 573
-3260 1944
2970 -4429
-1634 -1955
-709 2869
656 -2164
107 -2169
-804 4351
-1317 -1270
617 271
468 -86
60 -1636
171 -475
601 -72
686 -683
1595 2226
-290 754
103 480
917 1164
-197 -1274
-254 511
787 466
701 -606
1310 -609
-1168 847
-76 785
564 1928
3 -1531
-593 -2636
-505 217
-119 -254
-81 -378
-464 160
-154 41
75 -140
-116 74
365 -655
354 -1283
-1423 768
-739 -265
-1936 -2051
200 713
199 1250
-139 1312
824 428
-122 -107
-156 96
-248 201
-397 -619
623 -11
168 257
95 86
-130 -2
-366 -99
-242 213
271 414
249 -5
563 -93
-28 332
213 198
-197 516
9 101
-188 53
-46 95
-123 10
-76 55
18 -40
216 169
165 382
46 -23
-37 31
215 -262
-13 233
-24 50
26 63
-204 92
141 164
26 95
-62 -20
-28 94
-68 -24
-112 58
-143 44
-343 -33
-41 67
-31 36
-37 43
-17 -8
-57 -47
-66 54
-8 41
-62 48
-9 -19
-21 12
-38 -12
126 63
-57 5
-24 68
-5 38
30 29
-34 10
-59 32
19 29
2 26
18 16
2 37
-102 -126
-28 25
-19 23
-21 51
-49 -35
-7 7
-13 12
24 42
-8 -6
3 33
-20 4
15 -30
52 15
-20 27
-22 5
-19 14
-6 2
8 39
12 -30
-6 -18
7 23
-24 8
-23 -36
-34 -13
37 62
-5 54
-1 14
-5 19
-6 19
-13 16
27 0
-7 18
19 24
-13 13
-17 43
-31 16
12 7
-13 9
-13 14
-17 5
-1 -31
6 9
8 26
-29 9
1 16
5 5
-7 3
8 4
-43 47
-45 15
-13 16
-15 -5
0 24
-10 17
-10 25
-11 -1
-3 10
-8 26
-13 4
-8 2
-25 5
-12 16
-3 26
-4 -6
-4 20
-5 4
-18 6
-1 0
-1 10
-9 14
-13 18
-18 7
-3 7
1 12
-11 6
0 13
-9 4
-11 10
-7 9
-6 8
-7 15
-13 9
-9 5
-9 12
-1 10
-17 5
-6 -6
-2 14
-8 9
-13 11
-14 5
3 4
-6 -1
-14 6
-16 6
7 9
1 11
-8 4
-7 10
-7 7
-4 9
-13 9
-1 6
-13 8
-3 6
-11 17
-7 7
-11 2
-5 -5
-2 10
-5 5
-12 14
-15 7
-10 6
-7 -4
6 3
-10 17
-5 19
-14 1
-1 0
-15 1
3 5
2 -6
-7 12
-7 17
-6 6
-12 13
-18 -2
-5 2
-6 -1
-4 6
-8 12
-2 9
-7 11
-6 0
3 7
-11 5
1 5
-11 6
-1 14
-17 -5
3 6
-12 1
-5 7
-4 4
-3 6
-3 1
-6 10
-9 2
-18 5
-2 7
-1 8
-7 11
-12 5
-7 -1
-1 4
-4 10
-13 10
-4 -1
-5 5
-6 4
-5 3
-9 2
-12 7
0 0
-6 5
-6 3
-8 2
-11 3
-2 3
-8 8
-13 1
-5 1
2 4
-14 14
-6 4
-12 5
-2 -1
-1 4
-5 5
-6 2
-7 5
-6 0
-5 9
-13 4
-12 1
-1 7
-5 4
-8 6
-5 -1
-5 7
-2 3
-6 -5
-3 6
-4 9
-11 9
-15 -6
4 10
-9 4
-13 0
-7 0
-6 -1
-5 -1
-2 -2
-4 9
3 3
-11 5
-11 4
-7 2
-2 -1
-4 7
-5 3
-4 -7
0 3
-5 4
-5 -1
-7 0
-1 3
-5 4
-4 3
-3 6
-8 3
-4 -1
-6 0
-2 3
-4 6
-7 1
-3 6
-10 6
-3 -2
-7 2
-9 0
-1 5
-2 6
-12 8
-11 1
-3 4
-3 10
-2 4
-3 2
-12 6
-4 5
-10 0
-9 6
-5 -2
-6 6
-5 4
-7 3
-5 5
2 4
-6 9
-4 8
-9 -2
-1 -1
-6 12
-10 1
-10 -2
-1 5
-11 0
-1 4
-6 3
-7 3
-7 1
-9 4
-5 3
-6 3
-5 1
-8 2
0 10
-11 1
-5 9
-7 3
-2 3
-5 2
0 1
-11 6
-12 -1
-3 1
0 -2
-1 5
-10 2
-6 1
-5 2
-5 2
-2 4
-6 -2
-4 -6
-1 3
-6 2
-9 3
-6 1
-4 1
-3 3
-8 6
-6 6
-8 3
-8 5
-8 6
-6 -2
-6 -2
-5 0
-10 4
-10 -5
-7 -3
-4 1
-8 6
-11 -1
-3 5
-10 1
-4 3
-7 -1
-6 -2
-7 1
-5 -2
-6 0
-4 -3
-10 2
-6 -2
-5 3
-6 -3
-10 4
-5 -3
-7 -3
-6 1
-7 1
-5 4
-7 -3
-1 4
-7 4
-3 2
-6 -1
-4 4
-6 4
-7 1
-7 -1
-4 3
-7 1
-8 3
-4 0
-8 2
-5 2
-5 0
-6 0
-6 1
-6 1
-6 1
-6 1
-6 1
-6 1
-6 1
-6 1
-6 1
-6 1
-6 1
-6 1
-6 1
-6 0
-6 1
-6 1
-6 1
-6 0
-6 0
-6 0
-6 1
-6 0
-6 0
-6 0
-6 0
-6 0
-6 0
-6 1
-6 0
-6 0
-6 0
-6 0
-6 0
-6 0
-6 0
-6 0
-6 0
-6 0
-6 0
-6 0
-6 0
-6 0
-6 0
-6 0
-6 0
-6 0
-6 0
-6 0
-6 0
-6 0
-6 0
-6 0
-6 0
-6 0
-6 0
-6 0
-6 0
-6 0
-6 0
-6 0
-6 0
-6 0
-6 0
-6 -1
-6 0
-6 0
-6 0
-6 0
-6 0
-6 0
-6 -1
-6 0
-6 0
-6 0
-6 -1
-6 -1
-6 -1
-6 0
-6 -1
-6 -1
-6 -1
-6 -1
-6 -1
-6 -1
-6 -1
-6 -1
-6 -1
-6 -1
-6 -1
-6 -1
-6 -1
-6 0
-5 0
-5 -2
-8 -2
-4 0
-8 -3
-7 -1
-4 -3
-7 1
-7 -1
-6 -4
-4 -4
-6 1
-3 -2
-7 -4
-1 -4
-7 3
-5 -4
-7 -1
-6 -1
-7 3
-5 3
-10 -4
-6 3
-5 -3
-6 2
-10 -2
-4 3
-6 0
-5 2
-7 -1
-6 2
-7 1
-4 -3
-10 -1
-3 -5
-11 1
-8 -6
-4 -1
-7 3
-10 5
-10 -4
-5 0
-6 2
-6 2
-8 -6
-8 -5
-8 -3
-6 -6
-8 -6
-3 -3
-4 -1
-6 -1
-9 -3
-6 -2
-1 -3
-4 6
-6 2
-2 -4
-5 -2
-5 -2
-6 -1
-10 -2
-1 -5
0 2
-3 -1
-12 1
-11 -6
0 -1
-5 -2
-2 -3
-7 -3
-5 -9
-11 -1
0 -10
-8 -2
-5 -1
-6 -3
-5 -3
-9 -4
-7 -1
-7 -3
-6 -3
-1 -4
-11 0
-1 -5
-10 2
-10 -1
-6 -12
-1 1
-9 2
-4 -8
-6 -9
2 -4
-5 -5
-7 -3
-5 -4
-6 -6
-5 2
-9 -6
-10 0
-4 -5
-12 -6
-3 -2
-2 -4
-3 -10
-3 -4
-11 -1
-12 -8
-2 -6
-1 -5
-9 0
-7 -2
-3 2
-10 -6
-3 -6
-7 -1
-4 -6
-2 -3
-6 0
-4 1
-8 -3
-3 -6
-4 -3
-5 -4
-1 -3
-7 0
-5 1
-5 -4
0 -3
-4 7
-5 -3
-4 -7
-2 1
-7 -2
-11 -4
-11 -5
3 -3
-4 -9
-2 2
-5 1
-6 1
-7 0
-13 0
-9 -4
4 -10
-15 6
-11 -9
-4 -9
-3 -6
-6 5
-2 -3
-5 -7
-5 1
-8 -6
-5 -4
-1 -7
-12 -1
-13 -4
-5 -9
-6 0
-7 -5
-6 -2
-5 -5
-1 -4
-2 1
-12 -5
-6 -4
-14 -14
2 -4
-5 -1
-13 -1
-8 -8
-2 -3
-11 -3
-8 -2
-6 -3
-6 -5
0 0
-12 -7
-9 -2
-5 -3
-6 -4
-5 -5
-4 1
-13 -10
-4 -10
-1 -4
-7 1
-12 -5
-7 -11
-1 -8
-2 -7
-18 -5
-9 -2
-6 -10
-3 -1
-3 -6
-4 -4
-5 -7
-12 -1
3 -6
-17 5
-1 -14
-11 -6
1 -5
-11 -5
3 -7
-6 0
-7 -11
-2 -9
-8 -12
-4 -6
-6 1
-5 -2
-18 2
-12 -13
-6 -6
-7 -17
-7 -12
2 6
3 -5
-15 -1
-1 0
-14 -1
-5 -19
-10 -17
6 -3
-7 4
-10 -6
-15 -7
-12 -14
-5 -5
-2 -10
-5 5
-11 -2
-7 -7
-11 -17
-3 -6
-13 -8
-1 -6
-13 -9
-4 -9
-7 -7
-7 -10
-8 -4
1 -11
7 -9
-16 -6
-14 -6
-6 1
3 -4
-14 -5
-13 -11
-8 -9
-2 -14
-6 6
-17 -5
-1 -10
-9 -12
-9 -5
-13 -9
-7 -15
-6 -8
-7 -9
-11 -10
-9 -4
0 -13
-11 -6
1 -12
-3 -7
-18 -7
-13 -18
-9 -14
-1 -10
-1 0
-18 -6
-5 -4
-4 -20
-4 6
-3 -26
-12 -16
-25 -5
-8 -2
-13 -4
-8 -26
-3 -10
-11 1
-10 -25
-10 -17
0 -24
-15 5
-13 -16
-45 -15
-43 -47
8 -4
-7 -3
5 -5
1 -16
-29 -9
8 -26
6 -9
-1 31
-17 -5
-13 -14
-13 -9
12 -7
-31 -16
-17 -43
-13 -13
19 -24
-7 -18
27 0
-13 -16
-6 -19
-5 -19
-1 -14
-5 -54
37 -62
-34 13
-23 36
-24 -8
7 -23
-6 18
12 30
8 -39
-6 -2
-19 -14
-22 -5
-20 -27
52 -15
15 30
-20 -4
3 -33
-8 6
24 -42
-13 -12
-7 -7
-49 35
-21 -51
-19 -23
-28 -25
-102 126
2 -37
18 -16
2 -26
19 -29
-59 -32
-34 -10
30 -29
-5 -38
-24 -68
-57 -5
126 -63
-38 12
-21 -12
-9 19
-62 -48
-8 -41
-66 -54
-57 47
-17 8
-37 -43
-31 -36
-41 -67
-343 33
-143 -44
-112 -58
-68 24
-28 -94
-62 20
26 -95
141 -164
-204 -92
26 -63
-24 -50
-13 -233
215 262
-37 -31
46 23
165 -382
216 -169
18 40
-76 -55
-123 -10
-46 -95
-188 -53
9 -101
-197 -516
213 -198
-28 -332
563 93
249 5
271 -414
-242 -213
-366 99
-130 2
95 -86
168 -257
623 11
-397 619
-248 -201
-156 -96
-122 107
824 -428
-139 -1312
199 -1250
200 -713
-1936 2051
-739 265
-1423 -768
354 1283
365 655
-116 -74
75 140
-154 -41
-464 -160
-81 378
-119 254
-505 -217
-593 2636
3 1531
564 -1928
-76 -785
-1168 -847
1310 609
701 606
787 -466
-254 -511
-197 1274
917 -1164
103 -480
-290 -754
1595 -2226
686 683
601 72
171 475
60 1636
468 86
617 -271
-1317 1270
-804 -4351
107 2169
656 2164
-709 -2869
-1634 1955
2970 4429
-3260 -1944
-1389 -573
-2900 1097
1140 323
487 127
2818 -340
-243 1166
1719 -2632
-993 15121
2591 -1951
-811 1779
5470 3477
4765 4277
-1082 -386
-1574 -1513
-1470 -2377
752 -1373
220 369
35 59
