real_q97 imag_q97
472 0
530 -303
438 -1184
2494 -1207
3248 -229
6400 -1485
-563 -1812
2570 523
2506 -2731
233 -2352
-1738 3896
404 5613
-5050 -3300
1290 -1948
-3401 838
187 -1148
-4925 -6836
2756 6677
660 2767
125 2444
6925 -1526
6207 2143
9104 1403
-1673 2087
1195 24
-9158 3839
-1635 121
-943 1370
-852 861
1058 -888
180 907
-491 842
-500 880
2347 125
113 929
104 995
326 3054
-506 1263
-462 -210
470 -821
1270 -114
2384 -500
89 947
668 -305
1350 -114
-1467 14
1067 -515
1465 1291
264 -355
548 434
-1491 -644
11 746
60 341
1486 60
1368 643
4635 -429
-5424 1429
-1391 -727
213 -2220
-1273 991
-771 951
-1091 868
-862 1876
-26 -1789
-1242 633
-384 -14
-498 -807
-636 1689
169 707
-241 689
300 154
-85 493
-722 569
285 333
287 409
189 1132
273 1016
-482 539
1030 517
-235 -695
-8 -290
-256 -39
-239 -84
-480 -58
947 12
-185 -196
-81 250
-119 198
-104 340
-1546 688
349 -410
-131 -169
-107 -160
-131 595
230 55
431 -99
-339 -138
-117 -361
-360 370
-308 215
-349 394
928 -1230
-12 -150
-60 -133
-216 -102
-231 136
-48 77
-64 99
-171 88
-125 -340
-112 377
-51 207
-74 101
-99 324
-56 421
-51 82
-119 181
-28 142
-310 282
-284 80
-184 -28
-58 189
82 177
-43 109
-310 -147
-145 149
-98 196
-41 -191
-66 -75
-131 115
-53 99
-54 91
-47 99
-55 112
-32 119
-87 122
-145 -221
-126 27
-61 49
-55 62
-51 60
-36 44
-46 47
-44 37
-54 31
-48 34
-18 -9
128 -17
-223 156
-115 185
-91 148
-64 133
-51 115
-46 103
-44 94
-47 87
-53 82
-49 82
-51 86
-51 85
-48 86
-45 90
-52 106
83 32
-92 37
-53 56
-47 60
-42 62
-34 58
-29 45
-22 37
79 -1
-136 217
-136 189
-63 110
-63 83
-62 79
-61 73
-63 74
-57 73
-61 70
-54 78
-53 78
-45 74
66 -28
-54 60
-59 66
-56 69
-53 68
-52 67
-51 66
-51 65
-50 64
-50 63
-50 62
-50 62
-49 61
-49 61
-49 60
-49 59
-49 59
-49 58
-49 57
-49 57
-48 57
-49 55
-49 57
-47 56
-54 63
-60 69
-52 37
-35 34
-37 51
-57 66
-31 39
-38 51
-25 52
-50 49
-44 62
-55 58
-50 52
-47 53
-25 55
-54 50
-51 48
-51 45
-64 53
-47 67
-39 50
-52 53
-31 55
-45 45
-45 47
-45 48
-46 51
-30 41
-52 49
-66 44
-40 53
-35 32
-56 38
-44 44
-53 36
-55 68
-38 35
-52 37
-50 38
-55 40
-49 68
-39 42
-44 39
-45 39
-46 39
-46 39
-47 35
-40 38
-45 41
-44 40
-45 40
-45 39
-45 39
-45 40
-47 43
-51 36
-45 36
-45 36
-46 37
-45 37
-45 36
-47 37
-54 41
-27 34
-36 39
-46 38
-46 35
-65 39
-44 38
-47 32
-40 31
-43 36
-44 34
-44 34
-45 34
-45 34
-45 33
-45 33
-46 33
-51 31
-54 25
-30 43
-45 28
-35 28
-55 20
-43 37
-44 32
-46 29
-47 41
-45 32
-46 32
-49 28
-42 38
-41 28
-43 30
-44 30
-45 28
-43 27
-42 28
-41 27
-41 29
-42 29
-42 29
-43 30
-44 20
-48 29
-41 28
-42 31
-44 30
-45 27
-43 25
-33 23
-47 26
-46 25
-42 27
-44 28
-44 26
-45 28
-48 23
-41 23
-46 26
-51 27
-38 27
-45 24
-42 22
-42 24
-43 23
-42 23
-43 23
-43 24
-42 23
-42 23
-42 25
-48 26
-38 30
-44 21
-43 22
-43 23
-46 24
-46 21
-46 19
-43 21
-48 21
-43 15
-41 20
-42 19
-43 20
-43 20
-44 20
-45 19
-51 13
-39 23
-40 20
-45 26
-36 19
-40 19
-41 19
-42 19
-41 18
-42 19
-41 19
-40 18
-41 24
-46 19
-43 18
-43 18
-43 18
-43 18
-39 23
-41 10
-43 14
-49 21
-39 18
-41 18
-42 17
-42 17
-42 17
-42 18
-41 19
-36 22
-48 11
-43 14
-43 13
-39 13
-41 20
-44 17
-43 16
-43 16
-43 16
-42 19
-37 9
-44 14
-43 14
-43 14
-43 13
-42 13
-43 14
-42 13
-43 13
-42 13
-42 13
-42 13
-43 13
-42 13
-43 13
-44 13
-42 10
-41 15
-44 15
-46 13
-43 9
-43 11
-42 11
-44 10
-40 9
-36 8
-49 10
-43 12
-43 12
-44 13
-34 9
-45 8
-44 9
-49 9
-39 16
-41 10
-42 10
-42 9
-42 9
-42 9
-42 9
-42 9
-42 9
-41 10
-36 1
-44 10
-43 11
-44 12
-45 10
-46 7
-44 6
-42 5
-42 8
-42 7
-42 7
-44 6
-41 4
-41 7
-41 6
-39 9
-45 10
-44 4
-42 6
-42 6
-42 5
-40 4
-41 8
-43 6
-43 6
-42 6
-42 5
-42 5
-42 5
-42 5
-42 5
-42 5
-42 5
-42 4
-42 5
-42 4
-42 4
-42 4
-42 4
-42 4
-42 4
-42 4
-42 3
-42 3
-42 3
-42 3
-42 3
-42 3
-42 3
-42 3
-42 2
-42 2
-42 2
-42 2
-42 2
-42 2
-42 2
-42 2
-42 1
-42 1
-42 1
-42 1
-42 1
-42 1
-42 1
-42 1
-42 1
-42 0
-42 0
-42 0
-42 0
-42 0
-42 0
-42 0
-42 -1
-42 -1
-42 -1
-42 -1
-42 -1
-42 -1
-42 -1
-42 -1
-42 -1
-42 -2
-42 -2
-42 -2
-42 -2
-42 -2
-42 -2
-42 -2
-42 -2
-42 -3
-42 -3
-42 -3
-42 -3
-42 -3
-42 -3
-42 -3
-42 -3
-42 -4
-42 -4
-42 -4
-42 -4
-42 -4
-42 -4
-42 -4
-42 -5
-42 -4
-42 -5
-42 -5
-42 -5
-42 -5
-42 -5
-42 -5
-42 -5
-42 -6
-43 -6
-43 -6
-41 -8
-40 -4
-42 -5
-42 -6
-42 -6
-44 -4
-45 -10
-39 -9
-41 -6
-41 -7
-41 -4
-44 -6
-42 -7
-42 -7
-42 -8
-42 -5
-44 -6
-46 -7
-45 -10
-44 -12
-43 -11
-44 -10
-36 -1
-41 -10
-42 -9
-42 -9
-42 -9
-42 -9
-42 -9
-42 -9
-42 -10
-41 -10
-39 -16
-49 -9
-44 -9
-45 -8
-34 -9
-44 -13
-43 -12
-43 -12
-49 -10
-36 -8
-40 -9
-44 -10
-42 -11
-43 -11
-43 -9
-46 -13
-44 -15
-41 -15
-42 -10
-44 -13
-43 -13
-42 -13
-43 -13
-42 -13
-42 -13
-42 -13
-43 -13
-42 -13
-43 -14
-42 -13
-43 -13
-43 -14
-43 -14
-44 -14
-37 -9
-42 -19
-43 -16
-43 -16
-43 -16
-44 -17
-41 -20
-39 -13
-43 -13
-43 -14
-48 -11
-36 -22
-41 -19
-42 -18
-42 -17
-42 -17
-42 -17
-41 -18
-39 -18
-49 -21
-43 -14
-41 -10
-39 -23
-43 -18
-43 -18
-43 -18
-43 -18
-46 -19
-41 -24
-40 -18
-41 -19
-42 -19
-41 -18
-42 -19
-41 -19
-40 -19
-36 -19
-45 -26
-40 -20
-39 -23
-51 -13
-45 -19
-44 -20
-43 -20
-43 -20
-42 -19
-41 -20
-43 -15
-48 -21
-43 -21
-46 -19
-46 -21
-46 -24
-43 -23
-43 -22
-44 -21
-38 -30
-48 -26
-42 -25
-42 -23
-42 -23
-43 -24
-43 -23
-42 -23
-43 -23
-42 -24
-42 -22
-45 -24
-38 -27
-51 -27
-46 -26
-41 -23
-48 -23
-45 -28
-44 -26
-44 -28
-42 -27
-46 -25
-47 -26
-33 -23
-43 -25
-45 -27
-44 -30
-42 -31
-41 -28
-48 -29
-44 -20
-43 -30
-42 -29
-42 -29
-41 -29
-41 -27
-42 -28
-43 -27
-45 -28
-44 -30
-43 -30
-41 -28
-42 -38
-49 -28
-46 -32
-45 -32
-47 -41
-46 -29
-44 -32
-43 -37
-55 -20
-35 -28
-45 -28
-30 -43
-54 -25
-51 -31
-46 -33
-45 -33
-45 -33
-45 -34
-45 -34
-44 -34
-44 -34
-43 -36
-40 -31
-47 -32
-44 -38
-65 -39
-46 -35
-46 -38
-36 -39
-27 -34
-54 -41
-47 -37
-45 -36
-45 -37
-46 -37
-45 -36
-45 -36
-51 -36
-47 -43
-45 -40
-45 -39
-45 -39
-45 -40
-44 -40
-45 -41
-40 -38
-47 -35
-46 -39
-46 -39
-45 -39
-44 -39
-39 -42
-49 -68
-55 -40
-50 -38
-52 -37
-38 -35
-55 -68
-53 -36
-44 -44
-56 -38
-35 -32
-40 -53
-66 -44
-52 -49
-30 -41
-46 -51
-45 -48
-45 -47
-45 -45
-31 -55
-52 -53
-39 -50
-47 -67
-64 -53
-51 -45
-51 -48
-54 -50
-25 -55
-47 -53
-50 -52
-55 -58
-44 -62
-50 -49
-25 -52
-38 -51
-31 -39
-57 -66
-37 -51
-35 -34
-52 -37
-60 -69
-54 -63
-47 -56
-49 -57
-49 -55
-48 -57
-49 -57
-49 -57
-49 -58
-49 -59
-49 -59
-49 -60
-49 -61
-49 -61
-50 -62
-50 -62
-50 -63
-50 -64
-51 -65
-51 -66
-52 -67
-53 -68
-56 -69
-59 -66
-54 -60
66 28
-45 -74
-53 -78
-54 -78
-61 -70
-57 -73
-63 -74
-61 -73
-62 -79
-63 -83
-63 -110
-136 -189
-136 -217
79 1
-22 -37
-29 -45
-34 -58
-42 -62
-47 -60
-53 -56
-92 -37
83 -32
-52 -106
-45 -90
-48 -86
-51 -85
-51 -86
-49 -82
-53 -82
-47 -87
-44 -94
-46 -103
-51 -115
-64 -133
-91 -148
-115 -185
-223 -156
128 17
-18 9
-48 -34
-54 -31
-44 -37
-46 -47
-36 -44
-51 -60
-55 -62
-61 -49
-126 -27
-145 221
-87 -122
-32 -119
-55 -112
-47 -99
-54 -91
-53 -99
-131 -115
-66 75
-41 191
-98 -196
-145 -149
-310 147
-43 -109
82 -177
-58 -189
-184 28
-284 -80
-310 -282
-28 -142
-119 -181
-51 -82
-56 -421
-99 -324
-74 -101
-51 -207
-112 -377
-125 340
-171 -88
-64 -99
-48 -77
-231 -136
-216 102
-60 133
-12 150
928 1230
-349 -394
-308 -215
-360 -370
-117 361
-339 138
431 99
230 -55
-131 -595
-107 160
-131 169
349 410
-1546 -688
-104 -340
-119 -198
-81 -250
-185 196
947 -12
-480 58
-239 84
-256 39
-8 290
-235 695
1030 -517
-482 -539
273 -1016
189 -1132
287 -409
285 -333
-722 -569
-85 -493
300 -154
-241 -689
169 -707
-636 -1689
-498 807
-384 14
-1242 -633
-26 1789
-862 -1876
-1091 -868
-771 -951
-1273 -991
213 2220
-1391 727
-5424 -1429
4635 429
1368 -643
1486 -60
60 -341
11 -746
-1491 644
548 -434
264 355
1465 -1291
1067 515
-1467 -14
1350 114
668 305
89 -947
2384 500
1270 114
470 821
-462 210
-506 -1263
326 -3054
104 -995
113 -929
2347 -125
-500 -880
-491 -842
180 -907
1058 888
-852 -861
-943 -1370
-1635 -121
-9158 -3839
1195 -24
-1673 -2087
9104 -1403
6207 -2143
6925 1526
125 -2444
660 -2767
2756 -6677
-4925 6836
187 1148
-3401 -838
1290 1948
-5050 3300
404 -5613
-1738 -3896
233 2352
2506 2731
2570 -523
-563 1812
6400 1485
3248 229
2494 1207
438 1184
530 303
