real_q97 imag_q97
26 0
479 -279
872 -1189
1523 264
1514 2528
2721 629
2017 167
-2918 674
-972 -1696
-2104 3442
-3129 -3304
-19050 3338
-1297 1013
3422 1113
1752 -3463
1324 -1946
4061 -5874
-4537 8905
-1673 4473
-247 6213
1447 -4602
579 -3483
-1534 -6138
-29 1026
-194 1143
1048 -6075
-479 -100
299 -791
584 -235
242 -1815
622 -58
137 300
351 121
-2081 688
-747 523
-477 425
851 1856
-1817 381
162 240
2451 -927
1150 -1548
1208 -280
-626 -692
-364 -714
1757 -504
-546 544
-123 644
-561 -630
-702 -333
-929 -119
2128 -1292
27 -1045
31 -646
-83 -494
-535 -1000
1380 -2144
-2215 2943
-1137 607
-2926 -1115
-97 138
-196 1019
-730 244
1322 408
-430 185
-415 222
186 418
889 659
620 -439
-124 22
-186 125
592 323
-120 285
-235 -192
138 203
-268 368
-381 850
-283 -77
-152 357
-3 -670
286 303
158 -19
64 104
-99 -15
-141 -279
123 390
33 133
-282 -108
-128 428
257 113
-752 503
415 166
164 146
215 367
-202 -445
-9 -2
126 -236
274 136
148 206
-40 92
58 73
292 310
-486 -8
-176 -47
-94 35
-57 34
-3 -50
-7 72
-95 -51
-29 -25
-37 242
70 -71
-27 77
25 92
69 -164
64 110
45 59
32 17
20 8
25 89
68 -158
54 -46
-6 9
-25 3
-12 10
109 -222
0 21
26 -9
-78 37
-8 43
-22 25
6 100
27 11
-2 23
-8 29
-14 26
-58 55
45 54
-4 18
-4 20
-6 22
-11 20
-5 27
-7 30
-9 32
-4 36
-21 48
-27 18
-66 48
119 -7
-14 -9
11 0
3 9
3 13
4 14
3 13
-4 13
17 -17
22 34
-5 16
3 34
-17 30
-20 21
-9 13
-6 16
-6 15
-4 17
-4 17
-3 17
-4 18
-2 21
8 28
13 11
38 -73
-18 11
-24 10
-18 12
-19 16
-13 5
-10 16
-15 14
-12 10
-6 13
-6 18
-24 16
-28 41
-7 13
-41 3
-3 14
-4 14
-6 15
2 8
6 9
-6 -4
2 21
-15 4
2 18
-16 4
-6 14
-7 12
-9 16
-14 14
5 7
-6 12
-6 12
-4 13
-10 16
-8 11
-7 12
-9 16
3 22
-13 8
-7 7
-8 7
-8 7
-9 7
-11 6
-2 3
-6 18
-10 11
-9 11
-9 10
-10 6
-11 19
-4 11
-12 5
-7 18
-7 12
-7 12
-8 15
1 9
-9 8
-8 9
-8 9
-8 9
-8 9
-8 9
-8 9
-8 9
-8 8
-11 14
-1 9
-8 7
-9 9
-9 10
-8 11
-7 11
-6 10
-6 9
-6 8
-6 9
-5 5
-11 6
-11 11
-8 12
-1 15
-11 11
-7 11
-7 9
-7 11
-1 7
-7 16
-8 11
-15 7
-8 8
-8 9
-8 9
-4 11
-6 8
-3 15
-8 5
-6 5
-6 5
-7 9
-4 3
-4 9
-8 -1
-9 6
-6 5
-10 11
-15 9
-15 2
-10 5
-10 6
-9 6
-9 5
-10 4
-13 4
-9 8
-9 4
-5 13
-13 9
-7 9
-8 7
-8 7
-10 4
-9 10
-8 6
-8 6
-12 5
-12 9
-7 9
-8 7
-9 6
-9 7
-10 3
-6 1
-8 10
-7 6
-7 5
-8 5
-8 5
-9 6
-9 5
-8 5
-7 6
-9 1
-10 7
-11 5
-6 8
-4 2
-10 12
-3 4
-9 0
-14 8
-8 4
-10 5
-10 6
-9 6
-10 5
-5 2
-6 9
-9 6
-9 6
-9 3
-12 9
-7 6
-8 6
-10 5
0 5
-6 5
-13 6
-8 8
-9 6
-9 6
-9 6
-10 3
-17 7
-10 2
-5 8
-7 2
-6 2
-12 3
-10 5
-10 0
-4 4
-8 5
-8 5
-8 5
-8 5
-8 4
-3 1
-4 7
-8 4
-8 4
-8 5
-8 4
-8 4
-8 4
-8 4
-8 4
-8 4
-8 4
-8 4
-8 4
-8 4
-8 4
-8 3
-8 4
-7 4
-8 4
-8 4
-8 4
-8 4
-8 4
-8 4
-7 4
-9 0
-11 5
-9 4
-8 4
-8 3
-7 4
-6 4
-4 5
-14 3
-7 -1
-11 3
-9 3
-9 3
-4 3
-11 8
-10 3
-10 3
-9 3
-9 3
-9 3
-9 3
-9 3
-9 3
-9 3
-9 3
-9 3
-9 3
-9 3
-9 3
-9 3
-9 3
-9 3
-9 3
-9 3
-9 3
-12 3
-9 -3
-7 2
-8 2
-8 2
-8 2
-8 2
-8 2
-8 2
-8 2
-9 2
-8 2
-8 2
-8 2
-9 2
-9 2
-8 2
-8 2
-9 2
-8 2
-8 2
-8 2
-9 2
-8 2
-9 2
-8 2
-9 2
-9 2
-8 2
-8 2
-9 2
-8 2
-8 1
-8 1
-8 1
-8 2
-8 2
-9 1
-8 2
-8 1
-8 1
-8 1
-9 1
-9 1
-8 1
-8 1
-9 1
-8 1
-8 1
-8 1
-8 1
-8 1
-8 1
-8 1
-8 1
-8 1
-8 1
-9 1
-9 1
-8 1
-8 1
-8 1
-8 1
-9 1
-9 0
-8 1
-9 1
-8 1
-8 1
-8 0
-9 1
-8 0
-8 0
-8 1
-9 1
-9 0
-9 0
-9 0
-8 0
-8 0
-8 0
-8 0
-8 0
-9 0
-9 0
-9 0
-8 0
-8 0
-8 0
-8 0
-8 0
-9 0
-8 0
-8 0
-8 0
-8 0
-8 0
-9 0
-9 0
-9 0
-8 0
-8 0
-8 0
-8 0
-8 0
-9 0
-9 0
-9 0
-9 -1
-8 -1
-8 0
-8 0
-9 -1
-8 0
-8 -1
-8 -1
-9 -1
-8 -1
-9 0
-9 -1
-8 -1
-8 -1
-8 -1
-8 -1
-9 -1
-9 -1
-8 -1
-8 -1
-8 -1
-8 -1
-8 -1
-8 -1
-8 -1
-8 -1
-8 -1
-8 -1
-9 -1
-8 -1
-8 -1
-9 -1
-9 -1
-8 -1
-8 -1
-8 -1
-8 -2
-9 -1
-8 -2
-8 -2
-8 -1
-8 -1
-8 -1
-8 -2
-9 -2
-8 -2
-8 -2
-9 -2
-9 -2
-8 -2
-9 -2
-8 -2
-9 -2
-8 -2
-8 -2
-8 -2
-9 -2
-8 -2
-8 -2
-9 -2
-9 -2
-8 -2
-8 -2
-8 -2
-9 -2
-8 -2
-8 -2
-8 -2
-8 -2
-8 -2
-8 -2
-8 -2
-7 -2
-9 3
-12 -3
-9 -3
-9 -3
-9 -3
-9 -3
-9 -3
-9 -3
-9 -3
-9 -3
-9 -3
-9 -3
-9 -3
-9 -3
-9 -3
-9 -3
-9 -3
-9 -3
-9 -3
-9 -3
-10 -3
-10 -3
-11 -8
-4 -3
-9 -3
-9 -3
-11 -3
-7 1
-14 -3
-4 -5
-6 -4
-7 -4
-8 -3
-8 -4
-9 -4
-11 -5
-9 0
-7 -4
-8 -4
-8 -4
-8 -4
-8 -4
-8 -4
-8 -4
-7 -4
-8 -4
-8 -3
-8 -4
-8 -4
-8 -4
-8 -4
-8 -4
-8 -4
-8 -4
-8 -4
-8 -4
-8 -4
-8 -4
-8 -5
-8 -4
-8 -4
-4 -7
-3 -1
-8 -4
-8 -5
-8 -5
-8 -5
-8 -5
-4 -4
-10 0
-10 -5
-12 -3
-6 -2
-7 -2
-5 -8
-10 -2
-17 -7
-10 -3
-9 -6
-9 -6
-9 -6
-8 -8
-13 -6
-6 -5
0 -5
-10 -5
-8 -6
-7 -6
-12 -9
-9 -3
-9 -6
-9 -6
-6 -9
-5 -2
-10 -5
-9 -6
-10 -6
-10 -5
-8 -4
-14 -8
-9 0
-3 -4
-10 -12
-4 -2
-6 -8
-11 -5
-10 -7
-9 -1
-7 -6
-8 -5
-9 -5
-9 -6
-8 -5
-8 -5
-7 -5
-7 -6
-8 -10
-6 -1
-10 -3
-9 -7
-9 -6
-8 -7
-7 -9
-12 -9
-12 -5
-8 -6
-8 -6
-9 -10
-10 -4
-8 -7
-8 -7
-7 -9
-13 -9
-5 -13
-9 -4
-9 -8
-13 -4
-10 -4
-9 -5
-9 -6
-10 -6
-10 -5
-15 -2
-15 -9
-10 -11
-6 -5
-9 -6
-8 1
-4 -9
-4 -3
-7 -9
-6 -5
-6 -5
-8 -5
-3 -15
-6 -8
-4 -11
-8 -9
-8 -9
-8 -8
-15 -7
-8 -11
-7 -16
-1 -7
-7 -11
-7 -9
-7 -11
-11 -11
-1 -15
-8 -12
-11 -11
-11 -6
-5 -5
-6 -9
-6 -8
-6 -9
-6 -10
-7 -11
-8 -11
-9 -10
-9 -9
-8 -7
-1 -9
-11 -14
-8 -8
-8 -9
-8 -9
-8 -9
-8 -9
-8 -9
-8 -9
-8 -9
-9 -8
1 -9
-8 -15
-7 -12
-7 -12
-7 -18
-12 -5
-4 -11
-11 -19
-10 -6
-9 -10
-9 -11
-10 -11
-6 -18
-2 -3
-11 -6
-9 -7
-8 -7
-8 -7
-7 -7
-13 -8
3 -22
-9 -16
-7 -12
-8 -11
-10 -16
-4 -13
-6 -12
-6 -12
5 -7
-14 -14
-9 -16
-7 -12
-6 -14
-16 -4
2 -18
-15 -4
2 -21
-6 4
6 -9
2 -8
-6 -15
-4 -14
-3 -14
-41 -3
-7 -13
-28 -41
-24 -16
-6 -18
-6 -13
-12 -10
-15 -14
-10 -16
-13 -5
-19 -16
-18 -12
-24 -10
-18 -11
38 73
13 -11
8 -28
-2 -21
-4 -18
-3 -17
-4 -17
-4 -17
-6 -15
-6 -16
-9 -13
-20 -21
-17 -30
3 -34
-5 -16
22 -34
17 17
-4 -13
3 -13
4 -14
3 -13
3 -9
11 0
-14 9
119 7
-66 -48
-27 -18
-21 -48
-4 -36
-9 -32
-7 -30
-5 -27
-11 -20
-6 -22
-4 -20
-4 -18
45 -54
-58 -55
-14 -26
-8 -29
-2 -23
27 -11
6 -100
-22 -25
-8 -43
-78 -37
26 9
0 -21
109 222
-12 -10
-25 -3
-6 -9
54 46
68 158
25 -89
20 -8
32 -17
45 -59
64 -110
69 164
25 -92
-27 -77
70 71
-37 -242
-29 25
-95 51
-7 -72
-3 50
-57 -34
-94 -35
-176 47
-486 8
292 -310
58 -73
-40 -92
148 -206
274 -136
126 236
-9 2
-202 445
215 -367
164 -146
415 -166
-752 -503
257 -113
-128 -428
-282 108
33 -133
123 -390
-141 279
-99 15
64 -104
158 19
286 -303
-3 670
-152 -357
-283 77
-381 -850
-268 -368
138 -203
-235 192
-120 -285
592 -323
-186 -125
-124 -22
620 439
889 -659
186 -418
-415 -222
-430 -185
1322 -408
-730 -244
-196 -1019
-97 -138
-2926 1115
-1137 -607
-2215 -2943
1380 2144
-535 1000
-83 494
31 646
27 1045
2128 1292
-929 119
-702 333
-561 630
-123 -644
-546 -544
1757 504
-364 714
-626 692
1208 280
1150 1548
2451 927
162 -240
-1817 -381
851 -1856
-477 -425
-747 -523
-2081 -688
351 -121
137 -300
622 58
242 1815
584 235
299 791
-479 100
1048 6075
-194 -1143
-29 -1026
-1534 6138
579 3483
1447 4602
-247 -6213
-1673 -4473
-4537 -8905
4061 5874
1324 1946
1752 3463
3422 -1113
-1297 -1013
-19050 -3338
-3129 3304
-2104 -3442
-972 1696
-2918 -674
2017 -167
2721 -629
1514 -2528
1523 -264
872 1189
479 279
