real_q97 imag_q97
-50 0
393 197
516 992
313 -1351
2533 -1856
885 -440
998 1247
-1684 -4459
-3204 -1947
2002 -2547
-3745 -2
-12076 -9194
748 973
1468 -4006
213 328
2318 -1862
5044 -4914
-5007 2001
-497 -531
1583 -4295
-3139 6336
350 4368
4773 2596
-179 367
70 905
-6318 -501
220 200
-1130 149
-989 269
-723 -1249
-566 -333
-742 373
-429 223
-5730 3466
40 188
-7 267
556 -232
907 1481
-508 -247
-1714 486
-519 -434
-68 -259
-494 138
-1446 173
-2191 -865
442 13
-856 959
551 34
357 278
226 152
933 752
100 285
310 552
193 -318
454 -694
1102 -750
-375 179
62 586
2300 1798
-1651 -887
140 249
112 169
798 60
-1081 -190
-299 90
-407 -26
-636 383
-613 18
-215 43
-160 -10
96 -349
-457 -63
-2 -76
-49 -72
-99 -137
-183 -219
173 291
1 -363
-73 390
-122 -342
-112 339
7 246
-4 287
65 313
62 -496
-169 -133
-284 -70
116 -82
-181 -60
72 620
-17 -179
4 22
-107 -130
79 103
-120 -113
-192 120
22 188
34 170
111 43
-39 -42
-168 251
155 204
-32 -65
-11 8
-32 21
-3 62
4 91
-48 69
-44 48
-78 140
66 -92
5 31
53 61
-180 -37
-50 -28
-33 -7
-31 -13
-9 -23
-66 -91
8 154
-19 76
-17 89
-19 4
-8 -20
-24 -134
-71 7
-62 35
-42 78
15 49
-22 36
-38 -14
20 29
-17 32
-6 41
-31 -16
8 37
-15 49
-27 36
-24 29
-25 28
-29 26
-19 16
-5 24
-6 69
-37 0
-25 79
-34 23
-58 17
15 67
27 6
-4 13
-14 22
-16 22
-19 20
-14 18
-15 29
-56 36
13 29
-5 26
-15 28
-18 19
-13 18
-13 21
-13 21
-15 20
-15 20
-15 20
-16 20
-16 20
-17 21
-18 20
-14 27
-19 -28
-16 13
-19 27
-19 20
-17 18
-18 19
-20 16
-18 22
-13 21
-14 17
-17 18
-18 21
-30 19
-15 10
-24 27
-10 20
-12 21
-11 19
-12 21
-19 25
-8 12
-14 14
-4 20
-16 6
-18 25
-14 20
-14 20
-17 19
-16 14
-18 14
-18 19
-15 18
-14 17
-14 17
-14 18
-14 18
-15 19
-22 16
-15 15
-9 16
-18 20
-15 14
-14 15
-14 14
-20 24
-15 14
-15 15
-18 10
-19 19
-15 16
-10 19
-9 12
-16 9
-19 14
-8 8
-15 13
-15 15
-19 13
-19 5
-11 13
-16 7
-11 14
-11 14
-20 8
-18 16
-13 8
-15 12
-13 13
-14 12
-13 13
-14 13
-8 15
-19 9
-13 16
-9 12
-12 9
-18 5
-13 11
-13 11
-13 11
-11 12
-13 9
-16 9
-14 8
-16 15
-14 15
-14 16
-14 18
-14 11
-13 10
-15 9
-16 11
-17 11
-11 3
-12 10
-11 11
-14 12
-15 9
-20 5
-4 12
-14 11
-14 11
-13 12
-12 14
-13 13
-11 13
-12 12
-14 10
-13 10
-13 10
-13 10
-14 11
-17 9
-14 9
-8 8
-11 6
-12 7
-12 7
-12 8
-12 6
-17 6
-11 14
-12 11
-12 11
-14 10
-12 3
-13 11
-12 9
-14 9
-16 9
-14 8
-15 9
-14 9
-14 10
-16 10
-16 6
-13 7
-14 8
-14 10
-10 11
-10 5
-11 5
-10 7
-16 9
-10 5
-8 -1
-6 8
-14 9
-15 10
-14 10
-10 7
-10 4
-12 8
-13 12
-12 3
-13 8
-9 7
-16 9
-13 8
-13 8
-12 9
-12 8
-12 8
-11 7
-11 7
-12 8
-14 9
-15 6
-13 6
-11 6
-12 3
-12 4
-12 6
-16 8
-12 1
-9 8
-9 4
-11 6
-21 8
-11 4
-13 6
-8 8
-15 6
-14 7
-14 6
-13 8
-14 1
-13 5
-15 5
-14 6
-15 5
-10 11
-13 7
-15 10
-17 7
-14 4
-14 4
-15 10
-11 2
-7 4
-17 6
-11 4
-12 5
-10 4
-14 -1
-11 6
-8 7
-14 3
-12 2
-14 9
-12 2
-14 3
-14 5
-12 5
-12 0
-11 8
-10 5
-17 8
-12 5
-14 4
-12 2
-12 2
-13 3
-13 2
-14 4
-14 7
-16 5
-15 2
-13 3
-14 3
-13 3
-13 3
-13 2
-11 1
-10 4
-12 4
-11 3
-11 5
-13 5
-12 4
-13 4
-12 4
-13 4
-13 4
-13 2
-15 3
-14 5
-13 4
-13 3
-14 3
-15 5
-12 5
-12 4
-12 4
-13 4
-12 4
-13 5
-11 6
-8 3
-11 0
-14 2
-13 2
-14 3
-13 5
-11 4
-11 2
-11 3
-12 5
-11 5
-10 2
-11 2
-10 1
-12 0
-13 2
-13 2
-12 2
-12 2
-12 2
-11 2
-9 3
-12 0
-17 0
-15 4
-15 3
-15 2
-11 2
-11 0
-13 0
-12 1
-13 1
-12 1
-12 1
-12 1
-12 1
-12 2
-12 2
-13 1
-12 1
-13 1
-12 1
-13 1
-12 1
-12 1
-12 1
-12 1
-12 1
-12 1
-12 1
-12 1
-13 1
-12 1
-13 1
-13 1
-13 1
-13 1
-13 1
-12 1
-13 1
-12 1
-12 1
-12 0
-12 0
-13 1
-12 1
-12 1
-13 1
-12 0
-12 0
-12 0
-12 0
-12 0
-12 0
-12 0
-12 1
-12 0
-12 0
-12 0
-13 0
-12 0
-13 0
-13 0
-13 0
-12 0
-13 0
-12 0
-12 0
-12 0
-12 -1
-12 0
-12 0
-12 0
-12 0
-12 0
-12 0
-12 0
-13 -1
-12 -1
-12 -1
-13 -1
-12 0
-12 0
-12 -1
-12 -1
-13 -1
-12 -1
-13 -1
-13 -1
-13 -1
-13 -1
-13 -1
-12 -1
-13 -1
-12 -1
-12 -1
-12 -1
-12 -1
-12 -1
-12 -1
-12 -1
-12 -1
-13 -1
-12 -1
-13 -1
-12 -1
-13 -1
-12 -2
-12 -2
-12 -1
-12 -1
-12 -1
-12 -1
-13 -1
-12 -1
-13 0
-11 0
-11 -2
-15 -2
-15 -3
-15 -4
-17 0
-12 0
-9 -3
-11 -2
-12 -2
-12 -2
-12 -2
-13 -2
-13 -2
-12 0
-10 -1
-11 -2
-10 -2
-11 -5
-12 -5
-11 -3
-11 -2
-11 -4
-13 -5
-14 -3
-13 -2
-14 -2
-11 0
-8 -3
-11 -6
-13 -5
-12 -4
-13 -4
-12 -4
-12 -4
-12 -5
-15 -5
-14 -3
-13 -3
-13 -4
-14 -5
-15 -3
-13 -2
-13 -4
-13 -4
-12 -4
-13 -4
-12 -4
-13 -5
-11 -5
-11 -3
-12 -4
-10 -4
-11 -1
-13 -2
-13 -3
-13 -3
-14 -3
-13 -3
-15 -2
-16 -5
-14 -7
-14 -4
-13 -2
-13 -3
-12 -2
-12 -2
-14 -4
-12 -5
-17 -8
-10 -5
-11 -8
-12 0
-12 -5
-14 -5
-14 -3
-12 -2
-14 -9
-12 -2
-14 -3
-8 -7
-11 -6
-14 1
-10 -4
-12 -5
-11 -4
-17 -6
-7 -4
-11 -2
-15 -10
-14 -4
-14 -4
-17 -7
-15 -10
-13 -7
-10 -11
-15 -5
-14 -6
-15 -5
-13 -5
-14 -1
-13 -8
-14 -6
-14 -7
-15 -6
-8 -8
-13 -6
-11 -4
-21 -8
-11 -6
-9 -4
-9 -8
-12 -1
-16 -8
-12 -6
-12 -4
-12 -3
-11 -6
-13 -6
-15 -6
-14 -9
-12 -8
-11 -7
-11 -7
-12 -8
-12 -8
-12 -9
-13 -8
-13 -8
-16 -9
-9 -7
-13 -8
-12 -3
-13 -12
-12 -8
-10 -4
-10 -7
-14 -10
-15 -10
-14 -9
-6 -8
-8 1
-10 -5
-16 -9
-10 -7
-11 -5
-10 -5
-10 -11
-14 -10
-14 -8
-13 -7
-16 -6
-16 -10
-14 -10
-14 -9
-15 -9
-14 -8
-16 -9
-14 -9
-12 -9
-13 -11
-12 -3
-14 -10
-12 -11
-12 -11
-11 -14
-17 -6
-12 -6
-12 -8
-12 -7
-12 -7
-11 -6
-8 -8
-14 -9
-17 -9
-14 -11
-13 -10
-13 -10
-13 -10
-14 -10
-12 -12
-11 -13
-13 -13
-12 -14
-13 -12
-14 -11
-14 -11
-4 -12
-20 -5
-15 -9
-14 -12
-11 -11
-12 -10
-11 -3
-17 -11
-16 -11
-15 -9
-13 -10
-14 -11
-14 -18
-14 -16
-14 -15
-16 -15
-14 -8
-16 -9
-13 -9
-11 -12
-13 -11
-13 -11
-13 -11
-18 -5
-12 -9
-9 -12
-13 -16
-19 -9
-8 -15
-14 -13
-13 -13
-14 -12
-13 -13
-15 -12
-13 -8
-18 -16
-20 -8
-11 -14
-11 -14
-16 -7
-11 -13
-19 -5
-19 -13
-15 -15
-15 -13
-8 -8
-19 -14
-16 -9
-9 -12
-10 -19
-15 -16
-19 -19
-18 -10
-15 -15
-15 -14
-20 -24
-14 -14
-14 -15
-15 -14
-18 -20
-9 -16
-15 -15
-22 -16
-15 -19
-14 -18
-14 -18
-14 -17
-14 -17
-15 -18
-18 -19
-18 -14
-16 -14
-17 -19
-14 -20
-14 -20
-18 -25
-16 -6
-4 -20
-14 -14
-8 -12
-19 -25
-12 -21
-11 -19
-12 -21
-10 -20
-24 -27
-15 -10
-30 -19
-18 -21
-17 -18
-14 -17
-13 -21
-18 -22
-20 -16
-18 -19
-17 -18
-19 -20
-19 -27
-16 -13
-19 28
-14 -27
-18 -20
-17 -21
-16 -20
-16 -20
-15 -20
-15 -20
-15 -20
-13 -21
-13 -21
-13 -18
-18 -19
-15 -28
-5 -26
13 -29
-56 -36
-15 -29
-14 -18
-19 -20
-16 -22
-14 -22
-4 -13
27 -6
15 -67
-58 -17
-34 -23
-25 -79
-37 0
-6 -69
-5 -24
-19 -16
-29 -26
-25 -28
-24 -29
-27 -36
-15 -49
8 -37
-31 16
-6 -41
-17 -32
20 -29
-38 14
-22 -36
15 -49
-42 -78
-62 -35
-71 -7
-24 134
-8 20
-19 -4
-17 -89
-19 -76
8 -154
-66 91
-9 23
-31 13
-33 7
-50 28
-180 37
53 -61
5 -31
66 92
-78 -140
-44 -48
-48 -69
4 -91
-3 -62
-32 -21
-11 -8
-32 65
155 -204
-168 -251
-39 42
111 -43
34 -170
22 -188
-192 -120
-120 113
79 -103
-107 130
4 -22
-17 179
72 -620
-181 60
116 82
-284 70
-169 133
62 496
65 -313
-4 -287
7 -246
-112 -339
-122 342
-73 -390
1 363
173 -291
-183 219
-99 137
-49 72
-2 76
-457 63
96 349
-160 10
-215 -43
-613 -18
-636 -383
-407 26
-299 -90
-1081 190
798 -60
112 -169
140 -249
-1651 887
2300 -1798
62 -586
-375 -179
1102 750
454 694
193 318
310 -552
100 -285
933 -752
226 -152
357 -278
551 -34
-856 -959
442 -13
-2191 865
-1446 -173
-494 -138
-68 259
-519 434
-1714 -486
-508 247
907 -1481
556 232
-7 -267
40 -188
-5730 -3466
-429 -223
-742 -373
-566 333
-723 1249
-989 -269
-1130 -149
220 -200
-6318 501
70 -905
-179 -367
4773 -2596
350 -4368
-3139 -6336
1583 4295
-497 531
-5007 -2001
5044 4914
2318 1862
213 -328
1468 4006
748 -973
-12076 9194
-3745 2
2002 2547
-3204 1947
-1684 4459
998 -1247
885 440
2533 1856
313 1351
516 -992
393 -197
