real imag
-3.0867614746 0.0000000000
-2.0223945435 -3.2402582195
4.0938784611 0.2421743406
-24.4854159792 -23.8850426013
11.1013372552 8.3832747346
-0.0665098454 -16.9095050567
-0.2939304100 -26.5791098415
-4.8974547960 25.3332594671
-7.6414344456 -28.8643145002
-0.3255801655 13.7982476421
-17.7766512710 30.7254884739
-71.1092119004 -99.4771598095
-5.3832662646 0.5451123443
0.9640099309 11.9005412148
1.8709442174 36.7924632002
-5.9466666933 20.1803588420
-22.6973210383 26.6823747726
30.7713330057 4.3986609517
6.3422169481 7.9994093807
-1.7636252843 19.3491303693
30.3012253608 12.0229619820
22.0267822233 -5.3149032145
30.6439264073 28.8159490657
9.2895162381 -5.2749575086
11.1974879149 -5.9777235402
-40.9905249082 28.1560171812
-10.4397436936 15.6126524119
3.1814310618 -2.7306460078
0.3937213603 0.3886699089
0.2190103901 -12.5750983117
-1.3133940224 4.5141525519
1.3573858040 -4.5248231158
0.2737561309 -3.8700404688
-22.2895638660 9.2107200194
0.4771021038 6.7391459441
0.1950566199 4.7332201871
8.6445894525 6.2121867588
-11.2106706012 5.9341347509
3.0404464557 0.9192536768
2.5188699217 6.5470938751
-0.8891124547 9.9362558653
-3.4487312935 5.5433138545
2.9466710645 -5.9473996911
4.3193735582 1.1076251638
14.4132404278 -11.3375541510
-9.2524285104 11.3136310581
-8.5195512436 -16.5587642191
1.7328160401 2.6392178944
-0.7945665955 3.4903403126
-0.0549228273 7.1599383314
-0.2149615028 0.8855313009
-0.7783751254 0.5645273283
0.2035848509 2.7093212990
-5.0510189639 4.4008992234
0.2903929577 1.4056874501
-8.0384634066 13.2044491316
2.2756304173 -9.3657548756
-1.1863361621 0.9879398027
-14.2695730891 13.0559185463
12.7059963679 -0.0240258563
-0.0133404793 -6.8349633117
4.7688130494 -3.7819720293
-8.0978873003 -0.6769260719
1.8839186941 0.4547522173
1.1046267777 -0.7259671355
-1.4112140895 -1.3725500997
-5.0001263542 -1.6979284069
3.5100183086 6.2664955043
0.6871305508 2.0175093434
2.3238756487 1.1269860525
2.5190366224 -3.8531508499
-2.4893401367 0.0144149317
4.7197198621 1.4132672398
-2.6189062273 1.2773444355
-1.7845070554 -0.2504203008
1.0676341196 -4.4267357903
-1.3133464260 1.5422248079
-1.1085000317 3.7773607873
2.1048939428 3.7500036057
-1.7314256173 1.3539595106
-0.5873902708 -2.3177582858
0.3769365810 -0.2588366762
0.2934942192 -0.4617592926
1.5022876410 -0.6092918197
-3.3858446827 -0.0503193016
-2.6809715600 1.3334347217
0.0976817682 -1.0415427618
-1.9258349094 2.2658768352
1.6024664971 1.2012427413
-3.3613659903 0.7189802006
-0.0006697388 1.4248855439
0.3538259814 0.3016396032
0.3362869798 1.1553410890
0.9686880777 0.8484051831
0.9146785015 0.5623873972
-0.2144817696 -1.4940766632
-0.3300269630 2.0281212657
-0.1256251519 1.6286238187
-0.5516157889 0.8590199954
-0.8288071117 1.4114693457
-1.6788623447 3.2817836190
0.0860356370 -1.1460701173
0.5842118857 0.2267641968
-0.1692894457 0.2940701290
-0.0055741513 0.3615682858
0.5334049422 0.5645918450
0.2913302874 0.3225276823
-0.4968945767 0.6747472423
-0.0200847386 0.2752277726
0.3629543840 0.2564392381
-0.2849977807 1.1579641394
-0.1230797282 0.5399137322
0.0816645835 0.9782939659
0.0597955161 1.8098057017
-0.5687589688 0.5229541988
-0.1620602519 0.9942899124
-0.1112250415 0.6420349487
-0.0598145250 0.8001084218
0.3149649566 0.8787558645
-0.1143449571 0.4854787295
0.4097841135 1.2049920924
-0.1194259897 0.5772399975
0.0380995212 0.5609864876
-0.3402214999 0.6432186884
-0.2897285810 -0.1698847407
-0.2780921054 0.5251419662
-0.0909139612 0.6229703188
-0.1662282993 0.2565757788
0.0356454889 -0.3099964751
-0.0333855932 0.3748258963
0.3993417344 0.3269674749
-0.3096292867 0.4849929280
-0.3123176841 0.4407936916
-0.2281102066 0.4544661443
-0.1448575519 0.5035187079
-0.1332675695 0.1130930125
0.2155782025 0.6057824866
-0.1000844953 0.3333135986
-0.0972285073 0.4006550627
-0.1046050801 0.4183689937
-0.0815786706 0.4402684854
-0.0425420514 0.5322359530
-0.1060193490 0.2792838113
-0.2969367244 0.4627467316
-0.1202957350 0.5552582619
0.1773887584 0.3119928992
0.0532588743 0.4471664196
0.2428751455 0.4694955962
-0.3564696352 0.1059833485
-0.2167218808 0.2781485493
-0.2455811010 0.3364241636
-0.1946280700 0.3416729526
-0.1603173130 0.3441926326
-0.1272169817 0.3879148872
-0.0712569926 0.3448420751
-0.1412642691 0.2914319613
-0.1825998616 0.2486869285
-0.2298594972 0.3212718748
-0.1748110665 0.3184541832
-0.2193568962 0.3056714615
-0.2199331566 0.4120791724
-0.1718036557 0.4020967230
-0.1846007350 0.3788864723
-0.1732554821 0.3612866222
-0.1635342203 0.3706018137
-0.1863729153 0.3729224981
-0.1992866673 0.3510996961
-0.1926847796 0.3248072564
-0.1765522825 0.3096195147
-0.1512218984 0.2975195958
-0.1244496881 0.3149057344
-0.0486397751 0.4592327853
-0.5349433570 0.1295733815
-0.1051787091 0.3438756269
-0.2205017833 0.2938367735
-0.1951867570 0.2928579658
-0.1495016540 0.3085703176
-0.1741860035 0.3266498975
-0.1863409247 0.2597632228
-0.1675261777 0.3493734640
-0.1325496553 0.2859301995
-0.1409119088 0.2779145520
-0.1865829798 0.3006152388
-0.2189290750 0.3236864381
-0.3465947885 0.3259140546
-0.1676704562 0.2856383627
-0.1090142389 0.2754958362
-0.1954091078 0.3035512671
-0.1630454563 0.2639281475
-0.1565219679 0.3167330190
-0.1629425461 0.2926282881
-0.2058749957 0.2555091128
-0.1661001673 0.2791386728
-0.1326035961 0.2487293890
-0.1096996294 0.3692922156
-0.1433445072 0.3195620890
-0.1928997823 0.2974138365
-0.1529262508 0.2529251638
-0.1930626071 0.2424775614
-0.1838846791 0.3274356052
-0.2589697513 0.2476780005
-0.2160555362 0.2589325525
-0.2022309777 0.2882996640
-0.1684553452 0.2505431865
-0.1819048071 0.2708392371
-0.1577864617 0.2286652025
-0.1844399227 0.2760908655
-0.1780115069 0.2560152727
-0.1906813506 0.2581017183
-0.2591197117 0.2215273730
-0.1969560242 0.2757760233
-0.1936876446 0.2527182183
-0.1417188474 0.2723159718
-0.1872894070 0.2744405999
-0.1748737286 0.2482844266
-0.1790424915 0.2426658343
-0.2251190817 0.3053717889
-0.1689476880 0.2049298778
-0.1962470258 0.2359558136
-0.2081328248 0.2676690769
-0.1857067250 0.2377444006
-0.1817198935 0.2187680276
-0.1459365763 0.2486760583
-0.1500846039 0.2269430026
-0.2119256536 0.2290116027
-0.1642744331 0.2210632161
-0.1932893386 0.2690738728
-0.1662333960 0.2339439569
-0.1339144225 0.2275354100
-0.1878265447 0.2243815627
-0.2345405308 0.1852187736
-0.2045329093 0.2321491876
-0.2240525941 0.1876383906
-0.1949735479 0.2061512699
-0.2230359387 0.2179514198
-0.2095908779 0.1966763488
-0.1413029941 0.2027809750
-0.2023573605 0.2451030963
-0.1803789030 0.2317962344
-0.2067334261 0.2374025062
-0.2037800014 0.1742702029
-0.1564889494 0.2095803905
-0.1942392170 0.2281370381
-0.2109506237 0.2094623858
-0.1599999513 0.2183428107
-0.1586678591 0.1864873760
-0.1705773871 0.2162568559
-0.1731992769 0.2096196081
-0.2097784009 0.1763254458
-0.1779023036 0.2124667998
-0.1476987102 0.1512031730
-0.1902829469 0.1903980183
-0.1807062083 0.1935441116
-0.1881314253 0.1774967735
-0.1496859876 0.1697323938
-0.1957219497 0.2222156531
-0.1637878418 0.2575073242
-0.1918683171 0.1809944348
-0.1945091369 0.1926411241
-0.2173440961 0.2240357031
-0.1779550523 0.1749126186
-0.1948857892 0.1986186937
-0.1527790935 0.2121280315
-0.1874256263 0.1897245233
-0.1631410924 0.2204783434
-0.1524303774 0.1931551233
-0.1822504202 0.2106264544
-0.1979082139 0.1657914463
-0.1875508659 0.2096184279
-0.1636722021 0.1803341603
-0.1994407267 0.1845487334
-0.1527596521 0.1779250827
-0.2058946263 0.1600557971
-0.1861452360 0.1666001684
-0.1683845644 0.1687650684
-0.1899465838 0.2094125541
-0.1674073683 0.1661955503
-0.1973761052 0.2043317014
-0.1796875022 0.1851531561
-0.1723448163 0.1663798235
-0.1692751795 0.1498108605
-0.1750677605 0.1866390400
-0.1800290091 0.1614229821
-0.1630051716 0.1785687858
-0.2055864451 0.1587748168
-0.2071095415 0.1631326921
-0.1982545518 0.1711895505
-0.1864305050 0.1708426409
-0.1880900021 0.1711829612
-0.1858056274 0.1662441308
-0.1882189471 0.1657236777
-0.2015199625 0.1906602148
-0.2244202100 0.1398365919
-0.1532824299 0.1798201424
-0.1580411349 0.1531182582
-0.2042454097 0.1605682049
-0.1861697902 0.1774536521
-0.1692197740 0.1686663532
-0.2060551688 0.1719846553
-0.2030679028 0.1438180642
-0.1797063263 0.1862516458
-0.1999319364 0.1365188826
-0.1823377363 0.1427721343
-0.2050126705 0.1349590823
-0.1680408753 0.1349623920
-0.1880005289 0.1036270546
-0.1848623346 0.1376383742
-0.1905984094 0.1372085243
-0.1978036261 0.1634918972
-0.1930407023 0.1214110132
-0.1752135353 0.1436512775
-0.1738118388 0.1458453640
-0.1758261856 0.1572016158
-0.1483304983 0.1329178136
-0.1901643548 0.1475983848
-0.1935133761 0.1430439668
-0.1935761400 0.1432094195
-0.1995392070 0.1425781093
-0.1975783160 0.1335292236
-0.1509772216 0.1595879362
-0.1656490563 0.1047471788
-0.1846483786 0.1506364213
-0.1838292320 0.1435252601
-0.1873144401 0.1278255211
-0.1801236659 0.0859266406
-0.1632157324 0.0894791638
-0.1568158810 0.1322991533
-0.1877448709 0.1302309112
-0.1890592852 0.1261827012
-0.1867809630 0.1228560943
-0.1901931558 0.0918354383
-0.1782417099 0.1501491796
-0.1917862293 0.1071807007
-0.1623861583 0.1300851447
-0.2003985403 0.1246767565
-0.1930391233 0.1184961087
-0.1941757260 0.1161534954
-0.2008789560 0.1362311032
-0.1728073482 0.1122182881
-0.2011758733 0.0937872636
-0.1888405145 0.1326933701
-0.2026834692 0.1068125118
-0.1464565149 0.0809516535
-0.2013786072 0.1131002558
-0.1954083378 0.1076556658
-0.1914224254 0.1038289787
-0.2181408625 0.1095739712
-0.1595783224 0.0920965503
-0.2051189602 0.1199909322
-0.2039940646 0.0866957917
-0.1635019670 0.1374131416
-0.2032028772 0.1110862631
-0.1860358151 0.1078614461
-0.2082976961 0.1210818839
-0.2176053776 0.0836862308
-0.2073027717 0.0934672183
-0.1663825341 0.1093774292
-0.1745826298 0.0971251291
-0.2117385524 0.0809505633
-0.1566802908 0.1089836118
-0.1899074984 0.1011735351
-0.1927404192 0.0953632932
-0.1910543800 0.0923328350
-0.1887537372 0.0923673349
-0.1998030238 0.0946452625
-0.1878450533 0.1150906849
-0.2090253728 0.0796459190
-0.1972163277 0.0968232325
-0.2112247271 0.0910160938
-0.2223611700 0.0925998430
-0.1703641479 0.1086202151
-0.1603793669 0.1049640170
-0.1790682520 0.0849629746
-0.1903025938 0.0907535893
-0.1759628421 0.0754375065
-0.1934017689 0.1102939363
-0.1877863665 0.0894460918
-0.1925516418 0.0901632182
-0.1718376498 0.0671826186
-0.2143982113 0.1047212805
-0.1781297501 0.0755642982
-0.1840863249 0.0856006294
-0.1864726674 0.0842524761
-0.1896718035 0.0834110888
-0.1831674616 0.0624400483
-0.1757148220 0.1045767658
-0.1691398919 0.1016066608
-0.1790699671 0.0749570915
-0.1907533752 0.0767217255
-0.1755091551 0.0738353897
-0.2127347791 0.0876007631
-0.2294016523 0.0774665664
-0.1820238961 0.0755449433
-0.1890763063 0.0757102536
-0.1905785483 0.0686425547
-0.1849236222 0.0617264525
-0.2154697306 0.0996289158
-0.1718242198 0.0588353067
-0.1554253303 0.0562356951
-0.2064481137 0.0747637215
-0.1879487173 0.0776010558
-0.1600782329 0.0863218414
-0.2030962994 0.0891724096
-0.1639965003 0.0612629526
-0.2015074561 0.0256543552
-0.1715605339 0.0470742804
-0.2104465943 0.0617991903
-0.2002398672 0.0644025907
-0.2243431244 0.0582342189
-0.1973939963 0.0605360799
-0.1639334028 0.0517041361
-0.1682493952 0.0539839647
-0.1719000938 0.0994683452
-0.1443410012 0.0538062962
-0.1658536803 0.0479277071
-0.1978796803 0.0815232106
-0.1898847855 0.0371480259
-0.1625732998 0.0677836938
-0.1840983263 0.0641740645
-0.1872273231 0.0646481620
-0.1912477276 0.0568336459
-0.1965449302 0.0580401183
-0.1660756215 0.0366119439
-0.1829586923 0.0650386892
-0.1865370205 0.0588367415
-0.1842112195 0.0519976857
-0.1819361556 0.0513344499
-0.1654138529 0.0780311170
-0.2043986320 0.0589455993
-0.1906838513 0.0524070473
-0.1846935289 0.0508719289
-0.1850158427 0.0605795741
-0.1938449448 0.0618009295
-0.1971869939 0.0554314139
-0.1959679488 0.0536558987
-0.1929526442 0.0269221388
-0.1840203190 0.0606739178
-0.1946564316 0.0508696282
-0.1908822462 0.0652880527
-0.1815193867 0.0679890424
-0.1791312387 0.0198378000
-0.1886027519 0.0454618747
-0.1897562207 0.0434126641
-0.1839342144 0.0417396334
-0.2134138994 0.0470901191
-0.1831585226 0.0417456266
-0.1954493611 0.0173542366
-0.1836059659 0.0405231544
-0.1904800931 0.0334792612
-0.1846421805 0.0339720608
-0.1905391404 0.0413596408
-0.1732270345 0.0502253293
-0.1468140582 0.0415042445
-0.1953290317 0.0387435366
-0.1890933837 0.0331444389
-0.1842975206 0.0323271722
-0.1821340837 0.0106934013
-0.2029981923 0.0208880040
-0.1850345523 0.0320147724
-0.1766356782 0.0401828351
-0.1664728756 0.0053633355
-0.2160624410 0.0078858871
-0.1951336164 0.0336854975
-0.1910324493 0.0299409882
-0.1916263826 0.0295352779
-0.1895559043 0.0245316123
-0.1862070353 0.0252410540
-0.1880652448 0.0261379439
-0.1890101200 0.0265265389
-0.1865165319 0.0244680311
-0.1870579353 0.0233112924
-0.1894542455 0.0249901431
-0.1866606476 0.0250737194
-0.1869112983 0.0229943432
-0.1896295403 0.0217015224
-0.1882379446 0.0215085684
-0.1874628313 0.0200735279
-0.1906607184 0.0197511772
-0.1877653395 0.0209922155
-0.1902346299 0.0185034635
-0.1871175676 0.0203851419
-0.1876650446 0.0182504091
-0.1878876182 0.0166461609
-0.1895468219 0.0157547032
-0.1881366834 0.0160563749
-0.1880229071 0.0141778120
-0.1864348124 0.0154205277
-0.1888274042 0.0139380689
-0.1878929395 0.0143354113
-0.1889342050 0.0147087250
-0.1868271855 0.0132878101
-0.1891730263 0.0135713053
-0.1883750242 0.0119148452
-0.1884350047 0.0121525100
-0.1883034599 0.0101228259
-0.1886438747 0.0097377851
-0.1889852197 0.0090795976
-0.1868345981 0.0078670772
-0.1864072904 0.0092929994
-0.1889029513 0.0079624133
-0.1889840187 0.0068812166
-0.1890347627 0.0068237330
-0.1874829738 0.0064216730
-0.1883629677 0.0053180795
-0.1882947453 0.0041237003
-0.1874384162 0.0034867028
-0.1883113704 0.0031864031
-0.1888471283 0.0033398994
-0.1874370926 0.0022068549
-0.1885607208 0.0023858050
-0.1877278981 0.0002346349
-0.1882909173 0.0005364484
-0.1888122559 0.0000000000
-0.1882909173 -0.0005364484
-0.1877278981 -0.0002346349
-0.1885607208 -0.0023858050
-0.1874370926 -0.0022068549
-0.1888471283 -0.0033398994
-0.1883113704 -0.0031864031
-0.1874384162 -0.0034867028
-0.1882947453 -0.0041237003
-0.1883629677 -0.0053180795
-0.1874829738 -0.0064216730
-0.1890347627 -0.0068237330
-0.1889840187 -0.0068812166
-0.1889029513 -0.0079624133
-0.1864072904 -0.0092929994
-0.1868345981 -0.0078670772
-0.1889852197 -0.0090795976
-0.1886438747 -0.0097377851
-0.1883034599 -0.0101228259
-0.1884350047 -0.0121525100
-0.1883750242 -0.0119148452
-0.1891730263 -0.0135713053
-0.1868271855 -0.0132878101
-0.1889342050 -0.0147087250
-0.1878929395 -0.0143354113
-0.1888274042 -0.0139380689
-0.1864348124 -0.0154205277
-0.1880229071 -0.0141778120
-0.1881366834 -0.0160563749
-0.1895468219 -0.0157547032
-0.1878876182 -0.0166461609
-0.1876650446 -0.0182504091
-0.1871175676 -0.0203851419
-0.1902346299 -0.0185034635
-0.1877653395 -0.0209922155
-0.1906607184 -0.0197511772
-0.1874628313 -0.0200735279
-0.1882379446 -0.0215085684
-0.1896295403 -0.0217015224
-0.1869112983 -0.0229943432
-0.1866606476 -0.0250737194
-0.1894542455 -0.0249901431
-0.1870579353 -0.0233112924
-0.1865165319 -0.0244680311
-0.1890101200 -0.0265265389
-0.1880652448 -0.0261379439
-0.1862070353 -0.0252410540
-0.1895559043 -0.0245316123
-0.1916263826 -0.0295352779
-0.1910324493 -0.0299409882
-0.1951336164 -0.0336854975
-0.2160624410 -0.0078858871
-0.1664728756 -0.0053633355
-0.1766356782 -0.0401828351
-0.1850345523 -0.0320147724
-0.2029981923 -0.0208880040
-0.1821340837 -0.0106934013
-0.1842975206 -0.0323271722
-0.1890933837 -0.0331444389
-0.1953290317 -0.0387435366
-0.1468140582 -0.0415042445
-0.1732270345 -0.0502253293
-0.1905391404 -0.0413596408
-0.1846421805 -0.0339720608
-0.1904800931 -0.0334792612
-0.1836059659 -0.0405231544
-0.1954493611 -0.0173542366
-0.1831585226 -0.0417456266
-0.2134138994 -0.0470901191
-0.1839342144 -0.0417396334
-0.1897562207 -0.0434126641
-0.1886027519 -0.0454618747
-0.1791312387 -0.0198378000
-0.1815193867 -0.0679890424
-0.1908822462 -0.0652880527
-0.1946564316 -0.0508696282
-0.1840203190 -0.0606739178
-0.1929526442 -0.0269221388
-0.1959679488 -0.0536558987
-0.1971869939 -0.0554314139
-0.1938449448 -0.0618009295
-0.1850158427 -0.0605795741
-0.1846935289 -0.0508719289
-0.1906838513 -0.0524070473
-0.2043986320 -0.0589455993
-0.1654138529 -0.0780311170
-0.1819361556 -0.0513344499
-0.1842112195 -0.0519976857
-0.1865370205 -0.0588367415
-0.1829586923 -0.0650386892
-0.1660756215 -0.0366119439
-0.1965449302 -0.0580401183
-0.1912477276 -0.0568336459
-0.1872273231 -0.0646481620
-0.1840983263 -0.0641740645
-0.1625732998 -0.0677836938
-0.1898847855 -0.0371480259
-0.1978796803 -0.0815232106
-0.1658536803 -0.0479277071
-0.1443410012 -0.0538062962
-0.1719000938 -0.0994683452
-0.1682493952 -0.0539839647
-0.1639334028 -0.0517041361
-0.1973939963 -0.0605360799
-0.2243431244 -0.0582342189
-0.2002398672 -0.0644025907
-0.2104465943 -0.0617991903
-0.1715605339 -0.0470742804
-0.2015074561 -0.0256543552
-0.1639965003 -0.0612629526
-0.2030962994 -0.0891724096
-0.1600782329 -0.0863218414
-0.1879487173 -0.0776010558
-0.2064481137 -0.0747637215
-0.1554253303 -0.0562356951
-0.1718242198 -0.0588353067
-0.2154697306 -0.0996289158
-0.1849236222 -0.0617264525
-0.1905785483 -0.0686425547
-0.1890763063 -0.0757102536
-0.1820238961 -0.0755449433
-0.2294016523 -0.0774665664
-0.2127347791 -0.0876007631
-0.1755091551 -0.0738353897
-0.1907533752 -0.0767217255
-0.1790699671 -0.0749570915
-0.1691398919 -0.1016066608
-0.1757148220 -0.1045767658
-0.1831674616 -0.0624400483
-0.1896718035 -0.0834110888
-0.1864726674 -0.0842524761
-0.1840863249 -0.0856006294
-0.1781297501 -0.0755642982
-0.2143982113 -0.1047212805
-0.1718376498 -0.0671826186
-0.1925516418 -0.0901632182
-0.1877863665 -0.0894460918
-0.1934017689 -0.1102939363
-0.1759628421 -0.0754375065
-0.1903025938 -0.0907535893
-0.1790682520 -0.0849629746
-0.1603793669 -0.1049640170
-0.1703641479 -0.1086202151
-0.2223611700 -0.0925998430
-0.2112247271 -0.0910160938
-0.1972163277 -0.0968232325
-0.2090253728 -0.0796459190
-0.1878450533 -0.1150906849
-0.1998030238 -0.0946452625
-0.1887537372 -0.0923673349
-0.1910543800 -0.0923328350
-0.1927404192 -0.0953632932
-0.1899074984 -0.1011735351
-0.1566802908 -0.1089836118
-0.2117385524 -0.0809505633
-0.1745826298 -0.0971251291
-0.1663825341 -0.1093774292
-0.2073027717 -0.0934672183
-0.2176053776 -0.0836862308
-0.2082976961 -0.1210818839
-0.1860358151 -0.1078614461
-0.2032028772 -0.1110862631
-0.1635019670 -0.1374131416
-0.2039940646 -0.0866957917
-0.2051189602 -0.1199909322
-0.1595783224 -0.0920965503
-0.2181408625 -0.1095739712
-0.1914224254 -0.1038289787
-0.1954083378 -0.1076556658
-0.2013786072 -0.1131002558
-0.1464565149 -0.0809516535
-0.2026834692 -0.1068125118
-0.1888405145 -0.1326933701
-0.2011758733 -0.0937872636
-0.1728073482 -0.1122182881
-0.2008789560 -0.1362311032
-0.1941757260 -0.1161534954
-0.1930391233 -0.1184961087
-0.2003985403 -0.1246767565
-0.1623861583 -0.1300851447
-0.1917862293 -0.1071807007
-0.1782417099 -0.1501491796
-0.1901931558 -0.0918354383
-0.1867809630 -0.1228560943
-0.1890592852 -0.1261827012
-0.1877448709 -0.1302309112
-0.1568158810 -0.1322991533
-0.1632157324 -0.0894791638
-0.1801236659 -0.0859266406
-0.1873144401 -0.1278255211
-0.1838292320 -0.1435252601
-0.1846483786 -0.1506364213
-0.1656490563 -0.1047471788
-0.1509772216 -0.1595879362
-0.1975783160 -0.1335292236
-0.1995392070 -0.1425781093
-0.1935761400 -0.1432094195
-0.1935133761 -0.1430439668
-0.1901643548 -0.1475983848
-0.1483304983 -0.1329178136
-0.1758261856 -0.1572016158
-0.1738118388 -0.1458453640
-0.1752135353 -0.1436512775
-0.1930407023 -0.1214110132
-0.1978036261 -0.1634918972
-0.1905984094 -0.1372085243
-0.1848623346 -0.1376383742
-0.1880005289 -0.1036270546
-0.1680408753 -0.1349623920
-0.2050126705 -0.1349590823
-0.1823377363 -0.1427721343
-0.1999319364 -0.1365188826
-0.1797063263 -0.1862516458
-0.2030679028 -0.1438180642
-0.2060551688 -0.1719846553
-0.1692197740 -0.1686663532
-0.1861697902 -0.1774536521
-0.2042454097 -0.1605682049
-0.1580411349 -0.1531182582
-0.1532824299 -0.1798201424
-0.2244202100 -0.1398365919
-0.2015199625 -0.1906602148
-0.1882189471 -0.1657236777
-0.1858056274 -0.1662441308
-0.1880900021 -0.1711829612
-0.1864305050 -0.1708426409
-0.1982545518 -0.1711895505
-0.2071095415 -0.1631326921
-0.2055864451 -0.1587748168
-0.1630051716 -0.1785687858
-0.1800290091 -0.1614229821
-0.1750677605 -0.1866390400
-0.1692751795 -0.1498108605
-0.1723448163 -0.1663798235
-0.1796875022 -0.1851531561
-0.1973761052 -0.2043317014
-0.1674073683 -0.1661955503
-0.1899465838 -0.2094125541
-0.1683845644 -0.1687650684
-0.1861452360 -0.1666001684
-0.2058946263 -0.1600557971
-0.1527596521 -0.1779250827
-0.1994407267 -0.1845487334
-0.1636722021 -0.1803341603
-0.1875508659 -0.2096184279
-0.1979082139 -0.1657914463
-0.1822504202 -0.2106264544
-0.1524303774 -0.1931551233
-0.1631410924 -0.2204783434
-0.1874256263 -0.1897245233
-0.1527790935 -0.2121280315
-0.1948857892 -0.1986186937
-0.1779550523 -0.1749126186
-0.2173440961 -0.2240357031
-0.1945091369 -0.1926411241
-0.1918683171 -0.1809944348
-0.1637878418 -0.2575073242
-0.1957219497 -0.2222156531
-0.1496859876 -0.1697323938
-0.1881314253 -0.1774967735
-0.1807062083 -0.1935441116
-0.1902829469 -0.1903980183
-0.1476987102 -0.1512031730
-0.1779023036 -0.2124667998
-0.2097784009 -0.1763254458
-0.1731992769 -0.2096196081
-0.1705773871 -0.2162568559
-0.1586678591 -0.1864873760
-0.1599999513 -0.2183428107
-0.2109506237 -0.2094623858
-0.1942392170 -0.2281370381
-0.1564889494 -0.2095803905
-0.2037800014 -0.1742702029
-0.2067334261 -0.2374025062
-0.1803789030 -0.2317962344
-0.2023573605 -0.2451030963
-0.1413029941 -0.2027809750
-0.2095908779 -0.1966763488
-0.2230359387 -0.2179514198
-0.1949735479 -0.2061512699
-0.2240525941 -0.1876383906
-0.2045329093 -0.2321491876
-0.2345405308 -0.1852187736
-0.1878265447 -0.2243815627
-0.1339144225 -0.2275354100
-0.1662333960 -0.2339439569
-0.1932893386 -0.2690738728
-0.1642744331 -0.2210632161
-0.2119256536 -0.2290116027
-0.1500846039 -0.2269430026
-0.1459365763 -0.2486760583
-0.1817198935 -0.2187680276
-0.1857067250 -0.2377444006
-0.2081328248 -0.2676690769
-0.1962470258 -0.2359558136
-0.1689476880 -0.2049298778
-0.2251190817 -0.3053717889
-0.1790424915 -0.2426658343
-0.1748737286 -0.2482844266
-0.1872894070 -0.2744405999
-0.1417188474 -0.2723159718
-0.1936876446 -0.2527182183
-0.1969560242 -0.2757760233
-0.2591197117 -0.2215273730
-0.1906813506 -0.2581017183
-0.1780115069 -0.2560152727
-0.1844399227 -0.2760908655
-0.1577864617 -0.2286652025
-0.1819048071 -0.2708392371
-0.1684553452 -0.2505431865
-0.2022309777 -0.2882996640
-0.2160555362 -0.2589325525
-0.2589697513 -0.2476780005
-0.1838846791 -0.3274356052
-0.1930626071 -0.2424775614
-0.1529262508 -0.2529251638
-0.1928997823 -0.2974138365
-0.1433445072 -0.3195620890
-0.1096996294 -0.3692922156
-0.1326035961 -0.2487293890
-0.1661001673 -0.2791386728
-0.2058749957 -0.2555091128
-0.1629425461 -0.2926282881
-0.1565219679 -0.3167330190
-0.1630454563 -0.2639281475
-0.1954091078 -0.3035512671
-0.1090142389 -0.2754958362
-0.1676704562 -0.2856383627
-0.3465947885 -0.3259140546
-0.2189290750 -0.3236864381
-0.1865829798 -0.3006152388
-0.1409119088 -0.2779145520
-0.1325496553 -0.2859301995
-0.1675261777 -0.3493734640
-0.1863409247 -0.2597632228
-0.1741860035 -0.3266498975
-0.1495016540 -0.3085703176
-0.1951867570 -0.2928579658
-0.2205017833 -0.2938367735
-0.1051787091 -0.3438756269
-0.5349433570 -0.1295733815
-0.0486397751 -0.4592327853
-0.1244496881 -0.3149057344
-0.1512218984 -0.2975195958
-0.1765522825 -0.3096195147
-0.1926847796 -0.3248072564
-0.1992866673 -0.3510996961
-0.1863729153 -0.3729224981
-0.1635342203 -0.3706018137
-0.1732554821 -0.3612866222
-0.1846007350 -0.3788864723
-0.1718036557 -0.4020967230
-0.2199331566 -0.4120791724
-0.2193568962 -0.3056714615
-0.1748110665 -0.3184541832
-0.2298594972 -0.3212718748
-0.1825998616 -0.2486869285
-0.1412642691 -0.2914319613
-0.0712569926 -0.3448420751
-0.1272169817 -0.3879148872
-0.1603173130 -0.3441926326
-0.1946280700 -0.3416729526
-0.2455811010 -0.3364241636
-0.2167218808 -0.2781485493
-0.3564696352 -0.1059833485
0.2428751455 -0.4694955962
0.0532588743 -0.4471664196
0.1773887584 -0.3119928992
-0.1202957350 -0.5552582619
-0.2969367244 -0.4627467316
-0.1060193490 -0.2792838113
-0.0425420514 -0.5322359530
-0.0815786706 -0.4402684854
-0.1046050801 -0.4183689937
-0.0972285073 -0.4006550627
-0.1000844953 -0.3333135986
0.2155782025 -0.6057824866
-0.1332675695 -0.1130930125
-0.1448575519 -0.5035187079
-0.2281102066 -0.4544661443
-0.3123176841 -0.4407936916
-0.3096292867 -0.4849929280
0.3993417344 -0.3269674749
-0.0333855932 -0.3748258963
0.0356454889 0.3099964751
-0.1662282993 -0.2565757788
-0.0909139612 -0.6229703188
-0.2780921054 -0.5251419662
-0.2897285810 0.1698847407
-0.3402214999 -0.6432186884
0.0380995212 -0.5609864876
-0.1194259897 -0.5772399975
0.4097841135 -1.2049920924
-0.1143449571 -0.4854787295
0.3149649566 -0.8787558645
-0.0598145250 -0.8001084218
-0.1112250415 -0.6420349487
-0.1620602519 -0.9942899124
-0.5687589688 -0.5229541988
0.0597955161 -1.8098057017
0.0816645835 -0.9782939659
-0.1230797282 -0.5399137322
-0.2849977807 -1.1579641394
0.3629543840 -0.2564392381
-0.0200847386 -0.2752277726
-0.4968945767 -0.6747472423
0.2913302874 -0.3225276823
0.5334049422 -0.5645918450
-0.0055741513 -0.3615682858
-0.1692894457 -0.2940701290
0.5842118857 -0.2267641968
0.0860356370 1.1460701173
-1.6788623447 -3.2817836190
-0.8288071117 -1.4114693457
-0.5516157889 -0.8590199954
-0.1256251519 -1.6286238187
-0.3300269630 -2.0281212657
-0.2144817696 1.4940766632
0.9146785015 -0.5623873972
0.9686880777 -0.8484051831
0.3362869798 -1.1553410890
0.3538259814 -0.3016396032
-0.0006697388 -1.4248855439
-3.3613659903 -0.7189802006
1.6024664971 -1.2012427413
-1.9258349094 -2.2658768352
0.0976817682 1.0415427618
-2.6809715600 -1.3334347217
-3.3858446827 0.0503193016
1.5022876410 0.6092918197
0.2934942192 0.4617592926
0.3769365810 0.2588366762
-0.5873902708 2.3177582858
-1.7314256173 -1.3539595106
2.1048939428 -3.7500036057
-1.1085000317 -3.7773607873
-1.3133464260 -1.5422248079
1.0676341196 4.4267357903
-1.7845070554 0.2504203008
-2.6189062273 -1.2773444355
4.7197198621 -1.4132672398
-2.4893401367 -0.0144149317
2.5190366224 3.8531508499
2.3238756487 -1.1269860525
0.6871305508 -2.0175093434
3.5100183086 -6.2664955043
-5.0001263542 1.6979284069
-1.4112140895 1.3725500997
1.1046267777 0.7259671355
1.8839186941 -0.4547522173
-8.0978873003 0.6769260719
4.7688130494 3.7819720293
-0.0133404793 6.8349633117
12.7059963679 0.0240258563
-14.2695730891 -13.0559185463
-1.1863361621 -0.9879398027
2.2756304173 9.3657548756
-8.0384634066 -13.2044491316
0.2903929577 -1.4056874501
-5.0510189639 -4.4008992234
0.2035848509 -2.7093212990
-0.7783751254 -0.5645273283
-0.2149615028 -0.8855313009
-0.0549228273 -7.1599383314
-0.7945665955 -3.4903403126
1.7328160401 -2.6392178944
-8.5195512436 16.5587642191
-9.2524285104 -11.3136310581
14.4132404278 11.3375541510
4.3193735582 -1.1076251638
2.9466710645 5.9473996911
-3.4487312935 -5.5433138545
-0.8891124547 -9.9362558653
2.5188699217 -6.5470938751
3.0404464557 -0.9192536768
-11.2106706012 -5.9341347509
8.6445894525 -6.2121867588
0.1950566199 -4.7332201871
0.4771021038 -6.7391459441
-22.2895638660 -9.2107200194
0.2737561309 3.8700404688
1.3573858040 4.5248231158
-1.3133940224 -4.5141525519
0.2190103901 12.5750983117
0.3937213603 -0.3886699089
3.1814310618 2.7306460078
-10.4397436936 -15.6126524119
-40.9905249082 -28.1560171812
11.1974879149 5.9777235402
9.2895162381 5.2749575086
30.6439264073 -28.8159490657
22.0267822233 5.3149032145
30.3012253608 -12.0229619820
-1.7636252843 -19.3491303693
6.3422169481 -7.9994093807
30.7713330057 -4.3986609517
-22.6973210383 -26.6823747726
-5.9466666933 -20.1803588420
1.8709442174 -36.7924632002
0.9640099309 -11.9005412148
-5.3832662646 -0.5451123443
-71.1092119004 99.4771598095
-17.7766512710 -30.7254884739
-0.3255801655 -13.7982476421
-7.6414344456 28.8643145002
-4.8974547960 -25.3332594671
-0.2939304100 26.5791098415
-0.0665098454 16.9095050567
11.1013372552 -8.3832747346
-24.4854159792 23.8850426013
4.0938784611 -0.2421743406
-2.0223945435 3.2402582195
